   2.70000000e+00   0.00000000e+00   1.82031250e+00   1.11328125e-01
   2.70000000e+00   1.00000000e+00   2.08593750e+00   2.01171875e-01
   2.70000000e+00   2.00000000e+00   1.76562500e+00   3.71093750e-02
   2.70000000e+00   3.00000000e+00   2.14062500e+00   1.32812500e-01
   2.70000000e+00   4.00000000e+00   1.96875000e+00   2.71484375e-01
   2.70000000e+00   5.00000000e+00   2.00000000e+00   2.14843750e-02
   2.70000000e+00   6.00000000e+00   1.87500000e+00   1.17187500e-02
   2.70000000e+00   7.00000000e+00   1.65625000e+00   3.90625000e-02
   2.70000000e+00   8.00000000e+00   2.05468750e+00   6.25000000e-02
   2.70000000e+00   9.00000000e+00   1.96093750e+00   1.21093750e-01
   2.70000000e+00   1.00000000e+01   1.88281250e+00   1.01562500e-01
   2.70000000e+00   1.10000000e+01   1.73437500e+00   1.23046875e-01
   2.70000000e+00   1.20000000e+01   1.96093750e+00   1.73828125e-01
   2.70000000e+00   1.30000000e+01   1.99218750e+00   7.03125000e-02
   2.70000000e+00   1.40000000e+01   2.00781250e+00   1.95312500e-01
   2.70000000e+00   1.50000000e+01   1.97656250e+00   1.32812500e-01
   2.70000000e+00   1.60000000e+01   1.89843750e+00   1.64062500e-01
   2.70000000e+00   1.70000000e+01   2.06250000e+00   3.67187500e-01
   2.70000000e+00   1.80000000e+01   1.80468750e+00   1.89453125e-01
   2.70000000e+00   1.90000000e+01   1.82812500e+00   4.29687500e-02
   2.70000000e+00   2.00000000e+01   1.90625000e+00   6.64062500e-02
   2.70000000e+00   2.10000000e+01   1.75781250e+00   1.11328125e-01
   2.70000000e+00   2.20000000e+01   2.01562500e+00   1.89453125e-01
   2.70000000e+00   2.30000000e+01   2.07812500e+00   3.90625000e-03
   2.70000000e+00   2.40000000e+01   1.77343750e+00   3.90625000e-03
   2.70000000e+00   2.50000000e+01   2.17968750e+00   7.22656250e-02
   2.70000000e+00   2.60000000e+01   1.96093750e+00   6.44531250e-02
   2.70000000e+00   2.70000000e+01   1.92968750e+00   7.03125000e-02
   2.70000000e+00   2.80000000e+01   1.76562500e+00   6.64062500e-02
   2.70000000e+00   2.90000000e+01   1.68750000e+00   8.00781250e-02
   2.70000000e+00   3.00000000e+01   1.86718750e+00   1.36718750e-02
   2.70000000e+00   3.10000000e+01   2.09375000e+00   1.58203125e-01
   2.70000000e+00   3.20000000e+01   2.21875000e+00   3.35937500e-01
   2.70000000e+00   3.30000000e+01   1.70312500e+00   4.88281250e-02
   2.70000000e+00   3.40000000e+01   1.95312500e+00   1.38671875e-01
   2.70000000e+00   3.50000000e+01   1.98437500e+00   1.23046875e-01
   2.70000000e+00   3.60000000e+01   1.90625000e+00   1.67968750e-01
   2.70000000e+00   3.70000000e+01   1.78125000e+00   1.77734375e-01
   2.70000000e+00   3.80000000e+01   1.85156250e+00   8.39843750e-02
   2.70000000e+00   3.90000000e+01   2.03906250e+00   1.64062500e-01
   2.70000000e+00   4.00000000e+01   2.13281250e+00   2.81250000e-01
   2.70000000e+00   4.10000000e+01   2.05468750e+00   5.27343750e-02
   2.70000000e+00   4.20000000e+01   1.96875000e+00   7.22656250e-02
   2.70000000e+00   4.30000000e+01   1.93750000e+00   2.73437500e-01
   2.70000000e+00   4.40000000e+01   2.10156250e+00   1.17187500e-01
   2.70000000e+00   4.50000000e+01   1.89062500e+00   1.34765625e-01
   2.70000000e+00   4.60000000e+01   2.17968750e+00   2.32421875e-01
   2.70000000e+00   4.70000000e+01   1.82031250e+00   2.53906250e-02
   2.70000000e+00   4.80000000e+01   1.97656250e+00   1.62109375e-01
   2.70000000e+00   4.90000000e+01   1.95312500e+00   1.19140625e-01
   2.70000000e+00   5.00000000e+01   2.12500000e+00   1.75781250e-01
   2.70000000e+00   5.10000000e+01   2.26562500e+00   7.81250000e-03
   2.70000000e+00   5.20000000e+01   1.78906250e+00   2.14843750e-02
   2.70000000e+00   5.30000000e+01   2.01562500e+00   1.75781250e-02
   2.70000000e+00   5.40000000e+01   1.88281250e+00   2.48046875e-01
   2.70000000e+00   5.50000000e+01   2.00781250e+00   1.09375000e-01
   2.70000000e+00   5.60000000e+01   1.93750000e+00   2.44140625e-01
   2.70000000e+00   5.70000000e+01   1.87500000e+00   5.27343750e-02
   2.70000000e+00   5.80000000e+01   1.77343750e+00   1.44531250e-01
   2.70000000e+00   5.90000000e+01   1.86718750e+00   7.22656250e-02
   2.70000000e+00   6.00000000e+01   2.10156250e+00   1.36718750e-01
   2.70000000e+00   6.10000000e+01   1.84375000e+00   7.22656250e-02
   2.70000000e+00   6.20000000e+01   1.81250000e+00   1.91406250e-01
   2.70000000e+00   6.30000000e+01   1.82812500e+00   3.51562500e-02
   2.70000000e+00   6.40000000e+01   1.93750000e+00   1.15234375e-01
   2.70000000e+00   6.50000000e+01   1.73437500e+00   7.22656250e-02
   2.70000000e+00   6.60000000e+01   1.89843750e+00   2.73437500e-02
   2.70000000e+00   6.70000000e+01   1.92968750e+00   2.67578125e-01
   2.70000000e+00   6.80000000e+01   1.90625000e+00   6.44531250e-02
   2.70000000e+00   6.90000000e+01   2.15625000e+00   3.71093750e-02
   2.70000000e+00   7.00000000e+01   2.02343750e+00   6.44531250e-02
   2.70000000e+00   7.10000000e+01   1.85156250e+00   2.75390625e-01
   2.70000000e+00   7.20000000e+01   1.92968750e+00   5.07812500e-02
   2.70000000e+00   7.30000000e+01   1.78906250e+00   6.05468750e-02
   2.70000000e+00   7.40000000e+01   1.82812500e+00   1.25000000e-01
   2.70000000e+00   7.50000000e+01   2.10156250e+00   3.12500000e-02
   2.70000000e+00   7.60000000e+01   1.96875000e+00   9.76562500e-03
   2.70000000e+00   7.70000000e+01   1.94531250e+00   1.07421875e-01
   2.70000000e+00   7.80000000e+01   2.02343750e+00   2.73437500e-01
   2.70000000e+00   7.90000000e+01   2.21093750e+00   8.20312500e-02
   2.70000000e+00   8.00000000e+01   1.96093750e+00   1.67968750e-01
   2.70000000e+00   8.10000000e+01   1.78906250e+00   7.81250000e-02
   2.70000000e+00   8.20000000e+01   1.89062500e+00   6.25000000e-02
   2.70000000e+00   8.30000000e+01   1.95312500e+00   6.83593750e-02
   2.70000000e+00   8.40000000e+01   1.74218750e+00   1.56250000e-02
   2.70000000e+00   8.50000000e+01   1.88281250e+00   1.56250000e-01
   2.70000000e+00   8.60000000e+01   1.92187500e+00   9.76562500e-03
   2.70000000e+00   8.70000000e+01   2.13281250e+00   2.48046875e-01
   2.70000000e+00   8.80000000e+01   1.91406250e+00   8.39843750e-02
   2.70000000e+00   8.90000000e+01   1.90625000e+00   3.51562500e-02
   2.70000000e+00   9.00000000e+01   1.90625000e+00   7.03125000e-02
   2.70000000e+00   9.10000000e+01   1.89843750e+00   9.37500000e-02
   2.70000000e+00   9.20000000e+01   1.82812500e+00   2.18750000e-01
   2.70000000e+00   9.30000000e+01   2.06250000e+00   1.56250000e-02
   2.70000000e+00   9.40000000e+01   2.10156250e+00   1.69921875e-01
   2.70000000e+00   9.50000000e+01   1.96875000e+00   1.77734375e-01
   2.70000000e+00   9.60000000e+01   2.14843750e+00   2.34375000e-01
   2.70000000e+00   9.70000000e+01   1.92968750e+00   3.10546875e-01
   2.70000000e+00   9.80000000e+01   1.91406250e+00   1.69921875e-01
   2.70000000e+00   9.90000000e+01   1.94531250e+00   5.07812500e-02
   2.70000000e+00   1.00000000e+02   1.86718750e+00   6.64062500e-02
   2.70000000e+00   1.01000000e+02   1.97656250e+00   1.85546875e-01
   2.70000000e+00   1.02000000e+02   1.90625000e+00   2.48046875e-01
   2.70000000e+00   1.03000000e+02   1.96093750e+00   2.96875000e-01
   2.70000000e+00   1.04000000e+02   1.97656250e+00   2.26562500e-01
   2.70000000e+00   1.05000000e+02   1.74218750e+00   2.20703125e-01
   2.70000000e+00   1.06000000e+02   1.75000000e+00   1.11328125e-01
   2.70000000e+00   1.07000000e+02   2.12500000e+00   2.24609375e-01
   2.70000000e+00   1.08000000e+02   2.08593750e+00   6.05468750e-02
   2.70000000e+00   1.09000000e+02   1.87500000e+00   2.92968750e-02
   2.70000000e+00   1.10000000e+02   2.10156250e+00   6.25000000e-02
   2.70000000e+00   1.11000000e+02   2.07031250e+00   1.97265625e-01
   2.70000000e+00   1.12000000e+02   1.92187500e+00   9.37500000e-02
   2.70000000e+00   1.13000000e+02   1.82812500e+00   4.49218750e-02
   2.70000000e+00   1.14000000e+02   2.01562500e+00   2.53906250e-02
   2.70000000e+00   1.15000000e+02   1.91406250e+00   3.45703125e-01
   2.70000000e+00   1.16000000e+02   2.07812500e+00   1.26953125e-01
   2.70000000e+00   1.17000000e+02   1.82812500e+00   8.20312500e-02
   2.70000000e+00   1.18000000e+02   1.83593750e+00   1.95312500e-02
   2.70000000e+00   1.19000000e+02   2.06250000e+00   1.23046875e-01
   2.70000000e+00   1.20000000e+02   1.94531250e+00   1.54296875e-01
   2.70000000e+00   1.21000000e+02   1.85156250e+00   1.30859375e-01
   2.70000000e+00   1.22000000e+02   1.90625000e+00   2.57812500e-01
   2.70000000e+00   1.23000000e+02   1.86718750e+00   5.85937500e-03
   2.70000000e+00   1.24000000e+02   1.94531250e+00   2.59765625e-01
   2.70000000e+00   1.25000000e+02   1.89843750e+00   6.83593750e-02
   2.70000000e+00   1.26000000e+02   1.97656250e+00   1.26953125e-01
   2.70000000e+00   1.27000000e+02   1.98437500e+00   9.96093750e-02
   2.70000000e+00   1.28000000e+02   1.96875000e+00   4.10156250e-02
   2.70000000e+00   1.29000000e+02   1.74218750e+00   2.63671875e-01
   2.70000000e+00   1.30000000e+02   1.96093750e+00   3.26171875e-01
   2.70000000e+00   1.31000000e+02   1.93750000e+00   1.38671875e-01
   2.70000000e+00   1.32000000e+02   1.88281250e+00   0.00000000e+00
   2.70000000e+00   1.33000000e+02   1.99218750e+00   9.37500000e-02
   2.70000000e+00   1.34000000e+02   1.83593750e+00   1.09375000e-01
   2.70000000e+00   1.35000000e+02   1.76562500e+00   4.10156250e-02
   2.70000000e+00   1.36000000e+02   1.96875000e+00   9.76562500e-03
   2.70000000e+00   1.37000000e+02   1.85156250e+00   8.39843750e-02
   2.70000000e+00   1.38000000e+02   2.03906250e+00   2.59765625e-01
   2.70000000e+00   1.39000000e+02   1.78125000e+00   3.32031250e-02
   2.70000000e+00   1.40000000e+02   1.78125000e+00   3.32031250e-02
   2.70000000e+00   1.41000000e+02   1.92968750e+00   2.92968750e-02
   2.70000000e+00   1.42000000e+02   1.88281250e+00   1.01562500e-01
   2.70000000e+00   1.43000000e+02   1.89062500e+00   1.83593750e-01
   2.70000000e+00   1.44000000e+02   2.01562500e+00   2.40234375e-01
   2.70000000e+00   1.45000000e+02   1.95312500e+00   9.37500000e-02
   2.70000000e+00   1.46000000e+02   2.08593750e+00   1.56250000e-02
   2.70000000e+00   1.47000000e+02   1.81250000e+00   5.27343750e-02
   2.70000000e+00   1.48000000e+02   2.04687500e+00   4.29687500e-02
   2.70000000e+00   1.49000000e+02   2.03125000e+00   2.42187500e-01
   2.70000000e+00   1.50000000e+02   1.90625000e+00   2.36328125e-01
   2.70000000e+00   1.51000000e+02   1.82812500e+00   7.81250000e-03
   2.70000000e+00   1.52000000e+02   1.89062500e+00   1.42578125e-01
   2.70000000e+00   1.53000000e+02   2.06250000e+00   3.94531250e-01
   2.70000000e+00   1.54000000e+02   2.15625000e+00   2.67578125e-01
   2.70000000e+00   1.55000000e+02   2.06250000e+00   9.96093750e-02
   2.70000000e+00   1.56000000e+02   1.64062500e+00   5.07812500e-02
   2.70000000e+00   1.57000000e+02   2.19531250e+00   2.65625000e-01
   2.70000000e+00   1.58000000e+02   2.07031250e+00   1.15234375e-01
   2.70000000e+00   1.59000000e+02   1.82812500e+00   2.07031250e-01
   2.70000000e+00   1.60000000e+02   2.00000000e+00   1.75781250e-01
   2.70000000e+00   1.61000000e+02   1.92187500e+00   1.85546875e-01
   2.70000000e+00   1.62000000e+02   2.04687500e+00   1.28906250e-01
   2.70000000e+00   1.63000000e+02   1.91406250e+00   6.05468750e-02
   2.70000000e+00   1.64000000e+02   1.54687500e+00   1.17187500e-02
   2.70000000e+00   1.65000000e+02   2.00781250e+00   1.17187500e-01
   2.70000000e+00   1.66000000e+02   1.85937500e+00   2.96875000e-01
   2.70000000e+00   1.67000000e+02   1.87500000e+00   5.85937500e-02
   2.70000000e+00   1.68000000e+02   2.10156250e+00   1.28906250e-01
   2.70000000e+00   1.69000000e+02   1.71875000e+00   4.29687500e-02
   2.70000000e+00   1.70000000e+02   2.00781250e+00   9.76562500e-03
   2.70000000e+00   1.71000000e+02   2.03125000e+00   4.88281250e-02
   2.70000000e+00   1.72000000e+02   2.00000000e+00   1.77734375e-01
   2.70000000e+00   1.73000000e+02   2.10156250e+00   6.05468750e-02
   2.70000000e+00   1.74000000e+02   1.75000000e+00   1.36718750e-01
   2.70000000e+00   1.75000000e+02   2.07031250e+00   4.29687500e-02
   2.70000000e+00   1.76000000e+02   1.89843750e+00   1.95312500e-02
   2.70000000e+00   1.77000000e+02   2.09375000e+00   1.38671875e-01
   2.70000000e+00   1.78000000e+02   1.88281250e+00   1.01562500e-01
   2.70000000e+00   1.79000000e+02   1.84375000e+00   1.28906250e-01
   2.70000000e+00   1.80000000e+02   1.88281250e+00   1.13281250e-01
   2.70000000e+00   1.81000000e+02   1.96093750e+00   1.17187500e-01
   2.70000000e+00   1.82000000e+02   1.76562500e+00   4.68750000e-02
   2.70000000e+00   1.83000000e+02   2.11718750e+00   1.67968750e-01
   2.70000000e+00   1.84000000e+02   2.04687500e+00   1.32812500e-01
   2.70000000e+00   1.85000000e+02   1.96093750e+00   1.95312500e-03
   2.70000000e+00   1.86000000e+02   2.05468750e+00   1.75781250e-02
   2.70000000e+00   1.87000000e+02   1.96093750e+00   9.37500000e-02
   2.70000000e+00   1.88000000e+02   2.06250000e+00   2.46093750e-01
   2.70000000e+00   1.89000000e+02   1.96093750e+00   8.39843750e-02
   2.70000000e+00   1.90000000e+02   1.84375000e+00   9.76562500e-03
   2.70000000e+00   1.91000000e+02   1.82031250e+00   5.27343750e-02
   2.70000000e+00   1.92000000e+02   1.88281250e+00   2.12890625e-01
   2.70000000e+00   1.93000000e+02   1.90625000e+00   2.73437500e-02
   2.70000000e+00   1.94000000e+02   1.77343750e+00   4.29687500e-02
   2.70000000e+00   1.95000000e+02   2.03906250e+00   1.15234375e-01
   2.70000000e+00   1.96000000e+02   1.91406250e+00   5.85937500e-02
   2.70000000e+00   1.97000000e+02   1.89843750e+00   7.81250000e-03
   2.70000000e+00   1.98000000e+02   1.97656250e+00   4.10156250e-02
   2.70000000e+00   1.99000000e+02   2.11718750e+00   1.54296875e-01
   2.70000000e+00   2.00000000e+02   1.92968750e+00   5.46875000e-02
   2.70000000e+00   2.01000000e+02   1.94531250e+00   6.44531250e-02
   2.70000000e+00   2.02000000e+02   1.78906250e+00   8.20312500e-02
   2.70000000e+00   2.03000000e+02   1.96875000e+00   1.13281250e-01
   2.70000000e+00   2.04000000e+02   1.75000000e+00   1.60156250e-01
   2.70000000e+00   2.05000000e+02   1.85937500e+00   7.42187500e-02
   2.70000000e+00   2.06000000e+02   1.65625000e+00   7.81250000e-03
   2.70000000e+00   2.07000000e+02   2.05468750e+00   2.81250000e-01
   2.70000000e+00   2.08000000e+02   2.11718750e+00   8.00781250e-02
   2.70000000e+00   2.09000000e+02   1.85937500e+00   2.26562500e-01
   2.70000000e+00   2.10000000e+02   2.04687500e+00   1.09375000e-01
   2.70000000e+00   2.11000000e+02   1.89062500e+00   2.16796875e-01
   2.70000000e+00   2.12000000e+02   1.96093750e+00   1.23046875e-01
   2.70000000e+00   2.13000000e+02   1.99218750e+00   8.98437500e-02
   2.70000000e+00   2.14000000e+02   1.96093750e+00   8.78906250e-02
   2.70000000e+00   2.15000000e+02   1.87500000e+00   9.17968750e-02
   2.70000000e+00   2.16000000e+02   2.20312500e+00   3.61328125e-01
   2.70000000e+00   2.17000000e+02   1.78125000e+00   2.24609375e-01
   2.70000000e+00   2.18000000e+02   1.98437500e+00   2.14843750e-01
   2.70000000e+00   2.19000000e+02   1.90625000e+00   1.97265625e-01
   2.70000000e+00   2.20000000e+02   1.75781250e+00   2.14843750e-02
   2.70000000e+00   2.21000000e+02   1.88281250e+00   4.49218750e-02
   2.70000000e+00   2.22000000e+02   2.07812500e+00   0.00000000e+00
   2.70000000e+00   2.23000000e+02   2.04687500e+00   1.17187500e-02
   2.70000000e+00   2.24000000e+02   1.89062500e+00   2.36328125e-01
   2.70000000e+00   2.25000000e+02   1.82812500e+00   1.15234375e-01
   2.70000000e+00   2.26000000e+02   2.15625000e+00   1.67968750e-01
   2.70000000e+00   2.27000000e+02   1.85156250e+00   3.12500000e-02
   2.70000000e+00   2.28000000e+02   1.85937500e+00   8.59375000e-02
   2.70000000e+00   2.29000000e+02   1.71875000e+00   1.05468750e-01
   2.70000000e+00   2.30000000e+02   2.07812500e+00   1.11328125e-01
   2.70000000e+00   2.31000000e+02   1.84375000e+00   9.57031250e-02
   2.70000000e+00   2.32000000e+02   1.92187500e+00   2.08984375e-01
   2.70000000e+00   2.33000000e+02   1.69531250e+00   6.83593750e-02
   2.70000000e+00   2.34000000e+02   2.09375000e+00   2.98828125e-01
   2.70000000e+00   2.35000000e+02   1.91406250e+00   2.57812500e-01
   2.70000000e+00   2.36000000e+02   1.96093750e+00   1.95312500e-01
   2.70000000e+00   2.37000000e+02   1.85937500e+00   5.85937500e-03
   2.70000000e+00   2.38000000e+02   2.03125000e+00   5.46875000e-02
   2.70000000e+00   2.39000000e+02   1.94531250e+00   3.12500000e-02
   2.70000000e+00   2.40000000e+02   1.85937500e+00   1.17187500e-01
   2.70000000e+00   2.41000000e+02   1.93750000e+00   1.62109375e-01
   2.70000000e+00   2.42000000e+02   1.92968750e+00   2.14843750e-02
   2.70000000e+00   2.43000000e+02   1.90625000e+00   5.07812500e-02
   2.70000000e+00   2.44000000e+02   1.72656250e+00   1.15234375e-01
   2.70000000e+00   2.45000000e+02   1.80468750e+00   1.66015625e-01
   2.70000000e+00   2.46000000e+02   1.89062500e+00   1.75781250e-02
   2.70000000e+00   2.47000000e+02   1.63281250e+00   4.49218750e-02
   2.70000000e+00   2.48000000e+02   1.75000000e+00   1.83593750e-01
   2.70000000e+00   2.49000000e+02   2.06250000e+00   9.17968750e-02
   2.70000000e+00   2.50000000e+02   1.82031250e+00   1.73828125e-01
   2.70000000e+00   2.51000000e+02   1.78125000e+00   1.42578125e-01
   2.70000000e+00   2.52000000e+02   1.90625000e+00   1.62109375e-01
   2.70000000e+00   2.53000000e+02   1.85156250e+00   3.12500000e-02
   2.70000000e+00   2.54000000e+02   1.79687500e+00   1.36718750e-01
   2.70000000e+00   2.55000000e+02   1.88281250e+00   1.95312500e-01
   2.70000000e+00   2.56000000e+02   2.15625000e+00   2.14843750e-01
   2.70000000e+00   2.57000000e+02   1.99218750e+00   2.32421875e-01
   2.70000000e+00   2.58000000e+02   1.88281250e+00   1.56250000e-01
   2.70000000e+00   2.59000000e+02   2.02343750e+00   4.29687500e-02
   2.70000000e+00   2.60000000e+02   1.89843750e+00   1.09375000e-01
   2.70000000e+00   2.61000000e+02   1.96093750e+00   1.56250000e-01
   2.70000000e+00   2.62000000e+02   1.97656250e+00   1.64062500e-01
   2.70000000e+00   2.63000000e+02   1.86718750e+00   2.20703125e-01
   2.70000000e+00   2.64000000e+02   2.14062500e+00   3.69140625e-01
   2.70000000e+00   2.65000000e+02   1.82812500e+00   9.96093750e-02
   2.70000000e+00   2.66000000e+02   2.20312500e+00   7.61718750e-02
   2.70000000e+00   2.67000000e+02   2.06250000e+00   1.23046875e-01
   2.70000000e+00   2.68000000e+02   1.78906250e+00   9.57031250e-02
   2.70000000e+00   2.69000000e+02   1.82812500e+00   1.95312500e-02
   2.70000000e+00   2.70000000e+02   1.73437500e+00   2.24609375e-01
   2.70000000e+00   2.71000000e+02   1.87500000e+00   1.30859375e-01
   2.70000000e+00   2.72000000e+02   1.63281250e+00   1.32812500e-01
   2.70000000e+00   2.73000000e+02   2.03906250e+00   1.69921875e-01
   2.70000000e+00   2.74000000e+02   2.26562500e+00   4.29687500e-02
   2.70000000e+00   2.75000000e+02   1.95312500e+00   9.76562500e-03
   2.70000000e+00   2.76000000e+02   2.07031250e+00   2.42187500e-01
   2.70000000e+00   2.77000000e+02   1.92187500e+00   1.26953125e-01
   2.70000000e+00   2.78000000e+02   2.09375000e+00   2.63671875e-01
   2.70000000e+00   2.79000000e+02   1.95312500e+00   1.13281250e-01
   2.70000000e+00   2.80000000e+02   1.82812500e+00   1.25000000e-01
   2.70000000e+00   2.81000000e+02   1.88281250e+00   2.73437500e-02
   2.70000000e+00   2.82000000e+02   2.00781250e+00   2.89062500e-01
   2.70000000e+00   2.83000000e+02   1.92187500e+00   2.34375000e-02
   2.70000000e+00   2.84000000e+02   2.03125000e+00   2.26562500e-01
   2.70000000e+00   2.85000000e+02   1.89062500e+00   1.89453125e-01
   2.70000000e+00   2.86000000e+02   1.78125000e+00   1.05468750e-01
   2.70000000e+00   2.87000000e+02   1.58593750e+00   2.92968750e-02
   2.70000000e+00   2.88000000e+02   1.84375000e+00   7.22656250e-02
   2.70000000e+00   2.89000000e+02   2.03906250e+00   3.59375000e-01
   2.70000000e+00   2.90000000e+02   1.78125000e+00   8.98437500e-02
   2.70000000e+00   2.91000000e+02   1.92968750e+00   1.50390625e-01
   2.70000000e+00   2.92000000e+02   2.06250000e+00   1.05468750e-01
   2.70000000e+00   2.93000000e+02   2.00781250e+00   8.20312500e-02
   2.70000000e+00   2.94000000e+02   1.92187500e+00   7.81250000e-03
   2.70000000e+00   2.95000000e+02   1.80468750e+00   7.22656250e-02
   2.70000000e+00   2.96000000e+02   1.78906250e+00   1.15234375e-01
   2.70000000e+00   2.97000000e+02   2.08593750e+00   1.83593750e-01
   2.70000000e+00   2.98000000e+02   1.89062500e+00   9.57031250e-02
   2.70000000e+00   2.99000000e+02   2.00000000e+00   8.00781250e-02
   2.70000000e+00   3.00000000e+02   1.88281250e+00   1.52343750e-01
   2.70000000e+00   3.01000000e+02   1.67187500e+00   7.81250000e-02
   2.70000000e+00   3.02000000e+02   2.15625000e+00   7.22656250e-02
   2.70000000e+00   3.03000000e+02   1.88281250e+00   7.22656250e-02
   2.70000000e+00   3.04000000e+02   1.72656250e+00   8.00781250e-02
   2.70000000e+00   3.05000000e+02   2.07812500e+00   2.14843750e-02
   2.70000000e+00   3.06000000e+02   1.89062500e+00   1.50390625e-01
   2.70000000e+00   3.07000000e+02   1.71093750e+00   1.19140625e-01
   2.70000000e+00   3.08000000e+02   1.89843750e+00   1.95312500e-03
   2.70000000e+00   3.09000000e+02   2.03906250e+00   1.99218750e-01
   2.70000000e+00   3.10000000e+02   1.88281250e+00   2.53906250e-02
   2.70000000e+00   3.11000000e+02   1.87500000e+00   3.43750000e-01
   2.70000000e+00   3.12000000e+02   2.09375000e+00   2.14843750e-01
   2.70000000e+00   3.13000000e+02   1.92187500e+00   9.37500000e-02
   2.70000000e+00   3.14000000e+02   1.93750000e+00   8.98437500e-02
   2.70000000e+00   3.15000000e+02   1.83593750e+00   6.05468750e-02
   2.70000000e+00   3.16000000e+02   1.91406250e+00   3.33984375e-01
   2.70000000e+00   3.17000000e+02   2.07812500e+00   5.27343750e-02
   2.70000000e+00   3.18000000e+02   1.93750000e+00   5.07812500e-02
   2.70000000e+00   3.19000000e+02   2.14843750e+00   1.95312500e-02
   2.70000000e+00   3.20000000e+02   1.82812500e+00   1.26953125e-01
   2.70000000e+00   3.21000000e+02   1.96875000e+00   5.66406250e-02
   2.70000000e+00   3.22000000e+02   1.87500000e+00   1.50390625e-01
   2.70000000e+00   3.23000000e+02   2.00781250e+00   6.64062500e-02
   2.70000000e+00   3.24000000e+02   1.92968750e+00   1.58203125e-01
   2.70000000e+00   3.25000000e+02   2.20312500e+00   5.03906250e-01
   2.70000000e+00   3.26000000e+02   1.96093750e+00   1.91406250e-01
   2.70000000e+00   3.27000000e+02   2.03906250e+00   9.76562500e-03
   2.70000000e+00   3.28000000e+02   1.94531250e+00   1.26953125e-01
   2.70000000e+00   3.29000000e+02   2.11718750e+00   1.89453125e-01
   2.70000000e+00   3.30000000e+02   2.03125000e+00   6.44531250e-02
   2.70000000e+00   3.31000000e+02   1.92187500e+00   1.60156250e-01
   2.70000000e+00   3.32000000e+02   1.91406250e+00   1.30859375e-01
   2.70000000e+00   3.33000000e+02   2.03906250e+00   1.66015625e-01
   2.70000000e+00   3.34000000e+02   2.14843750e+00   1.17187500e-02
   2.70000000e+00   3.35000000e+02   1.92187500e+00   1.75781250e-02
   2.70000000e+00   3.36000000e+02   1.87500000e+00   1.95312500e-03
   2.70000000e+00   3.37000000e+02   1.89843750e+00   1.56250000e-02
   2.70000000e+00   3.38000000e+02   1.66406250e+00   2.53906250e-02
   2.70000000e+00   3.39000000e+02   2.07031250e+00   2.75390625e-01
   2.70000000e+00   3.40000000e+02   1.91406250e+00   1.56250000e-01
   2.70000000e+00   3.41000000e+02   1.82031250e+00   1.05468750e-01
   2.70000000e+00   3.42000000e+02   1.82812500e+00   7.61718750e-02
   2.70000000e+00   3.43000000e+02   2.00000000e+00   2.34375000e-02
   2.70000000e+00   3.44000000e+02   2.07031250e+00   1.73828125e-01
   2.70000000e+00   3.45000000e+02   1.85937500e+00   6.64062500e-02
   2.70000000e+00   3.46000000e+02   1.95312500e+00   9.57031250e-02
   2.70000000e+00   3.47000000e+02   2.03906250e+00   2.87109375e-01
   2.70000000e+00   3.48000000e+02   2.05468750e+00   1.21093750e-01
   2.70000000e+00   3.49000000e+02   1.92968750e+00   3.12500000e-01
   2.70000000e+00   3.50000000e+02   1.87500000e+00   1.79687500e-01
   2.70000000e+00   3.51000000e+02   1.76562500e+00   1.03515625e-01
   2.70000000e+00   3.52000000e+02   1.96093750e+00   1.95312500e-03
   2.70000000e+00   3.53000000e+02   1.88281250e+00   1.46484375e-01
   2.70000000e+00   3.54000000e+02   2.20312500e+00   8.78906250e-02
   2.70000000e+00   3.55000000e+02   1.96875000e+00   2.73437500e-02
   2.70000000e+00   3.56000000e+02   1.76562500e+00   2.34375000e-02
   2.70000000e+00   3.57000000e+02   1.88281250e+00   7.61718750e-02
   2.70000000e+00   3.58000000e+02   1.89062500e+00   3.90625000e-03
   2.70000000e+00   3.59000000e+02   1.88281250e+00   2.44140625e-01
   2.70000000e+00   3.60000000e+02   1.92187500e+00   1.25000000e-01
   2.70000000e+00   3.61000000e+02   1.95312500e+00   3.32031250e-02
   2.70000000e+00   3.62000000e+02   1.94531250e+00   2.92968750e-02
   2.70000000e+00   3.63000000e+02   2.05468750e+00   2.40234375e-01
   2.70000000e+00   3.64000000e+02   2.06250000e+00   8.78906250e-02
   2.70000000e+00   3.65000000e+02   2.02343750e+00   1.95312500e-03
   2.70000000e+00   3.66000000e+02   1.92187500e+00   2.92968750e-02
   2.70000000e+00   3.67000000e+02   1.92187500e+00   2.92968750e-02
   2.70000000e+00   3.68000000e+02   1.85937500e+00   1.28906250e-01
   2.70000000e+00   3.69000000e+02   1.90625000e+00   2.20703125e-01
   2.70000000e+00   3.70000000e+02   2.32812500e+00   2.10937500e-01
   2.70000000e+00   3.71000000e+02   1.90625000e+00   2.34375000e-02
   2.70000000e+00   3.72000000e+02   1.92187500e+00   1.85546875e-01
   2.70000000e+00   3.73000000e+02   1.76562500e+00   8.20312500e-02
   2.70000000e+00   3.74000000e+02   1.75781250e+00   2.92968750e-02
   2.70000000e+00   3.75000000e+02   1.81250000e+00   7.03125000e-02
   2.70000000e+00   3.76000000e+02   2.00000000e+00   1.87500000e-01
   2.70000000e+00   3.77000000e+02   1.90625000e+00   1.83593750e-01
   2.70000000e+00   3.78000000e+02   1.75781250e+00   4.10156250e-02
   2.70000000e+00   3.79000000e+02   1.95312500e+00   2.91015625e-01
   2.70000000e+00   3.80000000e+02   1.92968750e+00   1.67968750e-01
   2.70000000e+00   3.81000000e+02   2.08593750e+00   1.42578125e-01
   2.70000000e+00   3.82000000e+02   1.97656250e+00   2.18750000e-01
   2.70000000e+00   3.83000000e+02   2.12500000e+00   8.00781250e-02
   2.70000000e+00   3.84000000e+02   1.71875000e+00   5.66406250e-02
   2.70000000e+00   3.85000000e+02   2.21093750e+00   1.28906250e-01
   2.70000000e+00   3.86000000e+02   1.97656250e+00   1.64062500e-01
   2.70000000e+00   3.87000000e+02   1.71093750e+00   1.62109375e-01
   2.70000000e+00   3.88000000e+02   1.84375000e+00   9.37500000e-02
   2.70000000e+00   3.89000000e+02   1.75000000e+00   1.21093750e-01
   2.70000000e+00   3.90000000e+02   2.05468750e+00   3.37890625e-01
   2.70000000e+00   3.91000000e+02   1.97656250e+00   8.78906250e-02
   2.70000000e+00   3.92000000e+02   2.04687500e+00   1.01562500e-01
   2.70000000e+00   3.93000000e+02   2.03125000e+00   1.21093750e-01
   2.70000000e+00   3.94000000e+02   1.91406250e+00   1.95312500e-02
   2.70000000e+00   3.95000000e+02   1.89843750e+00   2.34375000e-02
   2.70000000e+00   3.96000000e+02   2.01562500e+00   2.73437500e-01
   2.70000000e+00   3.97000000e+02   1.75781250e+00   1.85546875e-01
   2.70000000e+00   3.98000000e+02   1.92187500e+00   8.20312500e-02
   2.70000000e+00   3.99000000e+02   1.87500000e+00   1.81640625e-01
   2.70000000e+00   4.00000000e+02   1.89843750e+00   2.26562500e-01
   2.70000000e+00   4.01000000e+02   2.13281250e+00   2.05078125e-01
   2.70000000e+00   4.02000000e+02   1.83593750e+00   6.05468750e-02
   2.70000000e+00   4.03000000e+02   1.87500000e+00   8.39843750e-02
   2.70000000e+00   4.04000000e+02   1.69531250e+00   1.11328125e-01
   2.70000000e+00   4.05000000e+02   1.92968750e+00   1.75781250e-02
   2.70000000e+00   4.06000000e+02   1.95312500e+00   7.61718750e-02
   2.70000000e+00   4.07000000e+02   1.85156250e+00   9.76562500e-02
   2.70000000e+00   4.08000000e+02   1.89843750e+00   9.96093750e-02
   2.70000000e+00   4.09000000e+02   1.93750000e+00   1.46484375e-01
   2.70000000e+00   4.10000000e+02   1.85156250e+00   1.46484375e-01
   2.70000000e+00   4.11000000e+02   2.01562500e+00   1.21093750e-01
   2.70000000e+00   4.12000000e+02   2.21093750e+00   1.28906250e-01
   2.70000000e+00   4.13000000e+02   2.04687500e+00   6.25000000e-02
   2.70000000e+00   4.14000000e+02   1.81250000e+00   2.92968750e-02
   2.70000000e+00   4.15000000e+02   1.86718750e+00   1.58203125e-01
   2.70000000e+00   4.16000000e+02   2.13281250e+00   6.05468750e-02
   2.70000000e+00   4.17000000e+02   2.05468750e+00   1.91406250e-01
   2.70000000e+00   4.18000000e+02   2.03125000e+00   8.20312500e-02
   2.70000000e+00   4.19000000e+02   2.02343750e+00   2.55859375e-01
   2.70000000e+00   4.20000000e+02   1.90625000e+00   2.08984375e-01
   2.70000000e+00   4.21000000e+02   1.78906250e+00   1.15234375e-01
   2.70000000e+00   4.22000000e+02   1.95312500e+00   2.57812500e-01
   2.70000000e+00   4.23000000e+02   2.09375000e+00   1.38671875e-01
   2.70000000e+00   4.24000000e+02   1.96875000e+00   2.14843750e-01
   2.70000000e+00   4.25000000e+02   1.89843750e+00   2.10937500e-01
   2.70000000e+00   4.26000000e+02   1.74218750e+00   1.56250000e-02
   2.70000000e+00   4.27000000e+02   1.79687500e+00   4.88281250e-02
   2.70000000e+00   4.28000000e+02   2.09375000e+00   4.21875000e-01
   2.70000000e+00   4.29000000e+02   1.91406250e+00   1.25000000e-01
   2.70000000e+00   4.30000000e+02   2.08593750e+00   4.68750000e-02
   2.70000000e+00   4.31000000e+02   1.90625000e+00   1.56250000e-02
   2.70000000e+00   4.32000000e+02   2.04687500e+00   2.42187500e-01
   2.70000000e+00   4.33000000e+02   2.31250000e+00   1.36718750e-02
   2.70000000e+00   4.34000000e+02   1.87500000e+00   1.48437500e-01
   2.70000000e+00   4.35000000e+02   2.24218750e+00   2.51953125e-01
   2.70000000e+00   4.36000000e+02   2.04687500e+00   2.22656250e-01
   2.70000000e+00   4.37000000e+02   1.90625000e+00   3.90625000e-03
   2.70000000e+00   4.38000000e+02   1.96875000e+00   8.39843750e-02
   2.70000000e+00   4.39000000e+02   1.78906250e+00   2.28515625e-01
   2.70000000e+00   4.40000000e+02   1.89843750e+00   1.93359375e-01
   2.70000000e+00   4.41000000e+02   1.97656250e+00   4.10156250e-02
   2.70000000e+00   4.42000000e+02   1.72656250e+00   9.17968750e-02
   2.70000000e+00   4.43000000e+02   2.10937500e+00   1.75781250e-01
   2.70000000e+00   4.44000000e+02   1.89062500e+00   2.92968750e-01
   2.70000000e+00   4.45000000e+02   2.11718750e+00   2.01171875e-01
   2.70000000e+00   4.46000000e+02   1.98437500e+00   5.85937500e-02
   2.70000000e+00   4.47000000e+02   1.97656250e+00   2.16796875e-01
   2.70000000e+00   4.48000000e+02   1.90625000e+00   8.78906250e-02
   2.70000000e+00   4.49000000e+02   1.85156250e+00   1.60156250e-01
   2.70000000e+00   4.50000000e+02   1.91406250e+00   1.73828125e-01
   2.70000000e+00   4.51000000e+02   1.84375000e+00   1.17187500e-01
   2.70000000e+00   4.52000000e+02   2.06250000e+00   3.32031250e-02
   2.70000000e+00   4.53000000e+02   1.95312500e+00   9.96093750e-02
   2.70000000e+00   4.54000000e+02   1.91406250e+00   1.89453125e-01
   2.70000000e+00   4.55000000e+02   1.96875000e+00   2.16796875e-01
   2.70000000e+00   4.56000000e+02   1.96093750e+00   2.12890625e-01
   2.70000000e+00   4.57000000e+02   1.93750000e+00   9.76562500e-02
   2.70000000e+00   4.58000000e+02   1.69531250e+00   1.07421875e-01
   2.70000000e+00   4.59000000e+02   1.89843750e+00   1.71875000e-01
   2.70000000e+00   4.60000000e+02   1.95312500e+00   2.61718750e-01
   2.70000000e+00   4.61000000e+02   2.00000000e+00   2.44140625e-01
   2.70000000e+00   4.62000000e+02   1.92968750e+00   2.40234375e-01
   2.70000000e+00   4.63000000e+02   1.81250000e+00   2.92968750e-02
   2.70000000e+00   4.64000000e+02   2.10937500e+00   7.81250000e-02
   2.70000000e+00   4.65000000e+02   2.07031250e+00   1.87500000e-01
   2.70000000e+00   4.66000000e+02   1.94531250e+00   1.25000000e-01
   2.70000000e+00   4.67000000e+02   1.80468750e+00   1.58203125e-01
   2.70000000e+00   4.68000000e+02   2.03125000e+00   1.66015625e-01
   2.70000000e+00   4.69000000e+02   1.92968750e+00   1.71875000e-01
   2.70000000e+00   4.70000000e+02   1.81250000e+00   1.21093750e-01
   2.70000000e+00   4.71000000e+02   1.87500000e+00   2.16796875e-01
   2.70000000e+00   4.72000000e+02   1.79687500e+00   1.48437500e-01
   2.70000000e+00   4.73000000e+02   1.88281250e+00   1.85546875e-01
   2.70000000e+00   4.74000000e+02   2.06250000e+00   8.59375000e-02
   2.70000000e+00   4.75000000e+02   1.92187500e+00   3.32031250e-02
   2.70000000e+00   4.76000000e+02   1.75000000e+00   1.30859375e-01
   2.70000000e+00   4.77000000e+02   1.59375000e+00   6.64062500e-02
   2.70000000e+00   4.78000000e+02   1.76562500e+00   1.26953125e-01
   2.70000000e+00   4.79000000e+02   2.09375000e+00   2.71484375e-01
   2.70000000e+00   4.80000000e+02   1.85937500e+00   2.73437500e-02
   2.70000000e+00   4.81000000e+02   1.77343750e+00   2.10937500e-01
   2.70000000e+00   4.82000000e+02   1.81250000e+00   6.44531250e-02
   2.70000000e+00   4.83000000e+02   1.98437500e+00   1.71875000e-01
   2.70000000e+00   4.84000000e+02   1.95312500e+00   2.79296875e-01
   2.70000000e+00   4.85000000e+02   1.95312500e+00   1.34765625e-01
   2.70000000e+00   4.86000000e+02   1.95312500e+00   1.46484375e-01
   2.70000000e+00   4.87000000e+02   1.80468750e+00   3.02734375e-01
   2.70000000e+00   4.88000000e+02   1.90625000e+00   1.17187500e-02
   2.70000000e+00   4.89000000e+02   1.85156250e+00   2.67578125e-01
   2.70000000e+00   4.90000000e+02   1.96875000e+00   3.90625000e-02
   2.70000000e+00   4.91000000e+02   1.75781250e+00   1.36718750e-02
   2.70000000e+00   4.92000000e+02   1.81250000e+00   2.40234375e-01
   2.70000000e+00   4.93000000e+02   1.93750000e+00   1.36718750e-01
   2.70000000e+00   4.94000000e+02   1.85937500e+00   1.34765625e-01
   2.70000000e+00   4.95000000e+02   1.92187500e+00   1.13281250e-01
   2.70000000e+00   4.96000000e+02   1.84375000e+00   4.49218750e-02
   2.70000000e+00   4.97000000e+02   2.09375000e+00   1.17187500e-02
   2.70000000e+00   4.98000000e+02   1.91406250e+00   3.16406250e-01
   2.70000000e+00   4.99000000e+02   1.71875000e+00   1.58203125e-01
   2.70000000e+00   5.00000000e+02   1.88281250e+00   2.34375000e-01
   2.70000000e+00   5.01000000e+02   1.98437500e+00   1.99218750e-01
   2.70000000e+00   5.02000000e+02   1.71875000e+00   9.57031250e-02
   2.70000000e+00   5.03000000e+02   1.94531250e+00   1.05468750e-01
   2.70000000e+00   5.04000000e+02   2.15625000e+00   2.92968750e-02
   2.70000000e+00   5.05000000e+02   1.60937500e+00   1.62109375e-01
   2.70000000e+00   5.06000000e+02   1.96093750e+00   3.90625000e-03
   2.70000000e+00   5.07000000e+02   2.21093750e+00   1.32812500e-01
   2.70000000e+00   5.08000000e+02   1.82812500e+00   1.87500000e-01
   2.70000000e+00   5.09000000e+02   1.81250000e+00   7.22656250e-02
   2.70000000e+00   5.10000000e+02   2.03906250e+00   1.46484375e-01
   2.70000000e+00   5.11000000e+02   1.96093750e+00   2.14843750e-01
   2.70000000e+00   5.12000000e+02   2.04687500e+00   2.92968750e-02
   2.70000000e+00   5.13000000e+02   1.88281250e+00   3.51562500e-02
   2.70000000e+00   5.14000000e+02   1.90625000e+00   2.92968750e-02
   2.70000000e+00   5.15000000e+02   1.91406250e+00   2.05078125e-01
   2.70000000e+00   5.16000000e+02   2.08593750e+00   2.32421875e-01
   2.70000000e+00   5.17000000e+02   2.06250000e+00   2.44140625e-01
   2.70000000e+00   5.18000000e+02   1.96875000e+00   3.90625000e-02
   2.70000000e+00   5.19000000e+02   1.88281250e+00   1.56250000e-02
   2.70000000e+00   5.20000000e+02   2.18750000e+00   4.29687500e-02
   2.70000000e+00   5.21000000e+02   1.95312500e+00   5.46875000e-02
   2.70000000e+00   5.22000000e+02   1.85937500e+00   7.81250000e-02
   2.70000000e+00   5.23000000e+02   1.99218750e+00   1.26953125e-01
   2.70000000e+00   5.24000000e+02   1.74218750e+00   4.49218750e-02
   2.70000000e+00   5.25000000e+02   2.05468750e+00   4.10156250e-02
   2.70000000e+00   5.26000000e+02   1.92968750e+00   9.76562500e-03
   2.70000000e+00   5.27000000e+02   1.81250000e+00   1.67968750e-01
   2.70000000e+00   5.28000000e+02   1.64062500e+00   1.87500000e-01
   2.70000000e+00   5.29000000e+02   1.92187500e+00   2.55859375e-01
   2.70000000e+00   5.30000000e+02   2.07812500e+00   1.75781250e-02
   2.70000000e+00   5.31000000e+02   1.86718750e+00   2.34375000e-02
   2.70000000e+00   5.32000000e+02   1.87500000e+00   4.10156250e-02
   2.70000000e+00   5.33000000e+02   1.85937500e+00   3.26171875e-01
   2.70000000e+00   5.34000000e+02   1.82031250e+00   2.51953125e-01
   2.70000000e+00   5.35000000e+02   1.82812500e+00   1.75781250e-02
   2.70000000e+00   5.36000000e+02   1.86718750e+00   3.32031250e-02
   2.70000000e+00   5.37000000e+02   2.02343750e+00   1.17187500e-02
   2.70000000e+00   5.38000000e+02   1.94531250e+00   3.12500000e-02
   2.70000000e+00   5.39000000e+02   2.13281250e+00   1.13281250e-01
   2.70000000e+00   5.40000000e+02   1.57031250e+00   1.52343750e-01
   2.70000000e+00   5.41000000e+02   1.96093750e+00   3.51562500e-02
   2.70000000e+00   5.42000000e+02   1.73437500e+00   2.53906250e-02
   2.70000000e+00   5.43000000e+02   2.18750000e+00   2.32421875e-01
   2.70000000e+00   5.44000000e+02   1.99218750e+00   1.36718750e-02
   2.70000000e+00   5.45000000e+02   2.04687500e+00   2.38281250e-01
   2.70000000e+00   5.46000000e+02   2.00781250e+00   1.46484375e-01
   2.70000000e+00   5.47000000e+02   1.73437500e+00   2.07031250e-01
   2.70000000e+00   5.48000000e+02   1.68750000e+00   1.42578125e-01
   2.70000000e+00   5.49000000e+02   1.89843750e+00   7.42187500e-02
   2.70000000e+00   5.50000000e+02   2.19531250e+00   1.71875000e-01
   2.70000000e+00   5.51000000e+02   1.81250000e+00   1.95312500e-02
   2.70000000e+00   5.52000000e+02   2.04687500e+00   2.73437500e-01
   2.70000000e+00   5.53000000e+02   1.87500000e+00   1.64062500e-01
   2.70000000e+00   5.54000000e+02   1.87500000e+00   3.90625000e-02
   2.70000000e+00   5.55000000e+02   1.69531250e+00   7.81250000e-03
   2.70000000e+00   5.56000000e+02   1.83593750e+00   1.23046875e-01
   2.70000000e+00   5.57000000e+02   1.89843750e+00   1.67968750e-01
   2.70000000e+00   5.58000000e+02   2.04687500e+00   1.73828125e-01
   2.70000000e+00   5.59000000e+02   1.96093750e+00   2.92968750e-02
   2.70000000e+00   5.60000000e+02   1.71093750e+00   1.42578125e-01
   2.70000000e+00   5.61000000e+02   1.98437500e+00   3.30078125e-01
   2.70000000e+00   5.62000000e+02   2.25000000e+00   4.62890625e-01
   2.70000000e+00   5.63000000e+02   1.79687500e+00   5.46875000e-02
   2.70000000e+00   5.64000000e+02   1.72656250e+00   9.96093750e-02
   2.70000000e+00   5.65000000e+02   1.87500000e+00   7.61718750e-02
   2.70000000e+00   5.66000000e+02   2.00000000e+00   7.81250000e-02
   2.70000000e+00   5.67000000e+02   1.81250000e+00   1.17187500e-01
   2.70000000e+00   5.68000000e+02   1.83593750e+00   2.03125000e-01
   2.70000000e+00   5.69000000e+02   1.92187500e+00   2.53906250e-02
   2.70000000e+00   5.70000000e+02   2.06250000e+00   4.29687500e-02
   2.70000000e+00   5.71000000e+02   1.89062500e+00   7.81250000e-02
   2.70000000e+00   5.72000000e+02   2.07031250e+00   1.75781250e-02
   2.70000000e+00   5.73000000e+02   2.02343750e+00   1.25000000e-01
   2.70000000e+00   5.74000000e+02   1.81250000e+00   1.71875000e-01
   2.70000000e+00   5.75000000e+02   2.00781250e+00   5.85937500e-03
   2.70000000e+00   5.76000000e+02   1.74218750e+00   1.46484375e-01
   2.70000000e+00   5.77000000e+02   2.10937500e+00   4.88281250e-02
   2.70000000e+00   5.78000000e+02   1.77343750e+00   7.81250000e-03
   2.70000000e+00   5.79000000e+02   2.01562500e+00   1.56250000e-02
   2.70000000e+00   5.80000000e+02   1.87500000e+00   1.11328125e-01
   2.70000000e+00   5.81000000e+02   2.03125000e+00   1.23046875e-01
   2.70000000e+00   5.82000000e+02   2.01562500e+00   5.85937500e-03
   2.70000000e+00   5.83000000e+02   2.02343750e+00   9.96093750e-02
   2.70000000e+00   5.84000000e+02   1.82812500e+00   1.77734375e-01
   2.70000000e+00   5.85000000e+02   1.87500000e+00   4.49218750e-02
   2.70000000e+00   5.86000000e+02   2.07031250e+00   2.05078125e-01
   2.70000000e+00   5.87000000e+02   1.85156250e+00   5.85937500e-03
   2.70000000e+00   5.88000000e+02   1.82031250e+00   4.10156250e-02
   2.70000000e+00   5.89000000e+02   1.85156250e+00   2.24609375e-01
   2.70000000e+00   5.90000000e+02   1.78906250e+00   7.42187500e-02
   2.70000000e+00   5.91000000e+02   1.86718750e+00   1.89453125e-01
   2.70000000e+00   5.92000000e+02   1.82031250e+00   1.83593750e-01
   2.70000000e+00   5.93000000e+02   1.88281250e+00   1.85546875e-01
   2.70000000e+00   5.94000000e+02   2.01562500e+00   9.76562500e-02
   2.70000000e+00   5.95000000e+02   1.91406250e+00   1.19140625e-01
   2.70000000e+00   5.96000000e+02   1.69531250e+00   2.01171875e-01
   2.70000000e+00   5.97000000e+02   2.14843750e+00   1.52343750e-01
   2.70000000e+00   5.98000000e+02   1.78125000e+00   1.17187500e-01
   2.70000000e+00   5.99000000e+02   2.00000000e+00   8.59375000e-02
   2.70000000e+00   6.00000000e+02   1.76562500e+00   2.07031250e-01
   2.70000000e+00   6.01000000e+02   1.93750000e+00   3.12500000e-02
   2.70000000e+00   6.02000000e+02   1.89062500e+00   1.36718750e-01
   2.70000000e+00   6.03000000e+02   1.71875000e+00   5.85937500e-02
   2.70000000e+00   6.04000000e+02   1.80468750e+00   7.81250000e-02
   2.70000000e+00   6.05000000e+02   1.92187500e+00   3.12500000e-02
   2.70000000e+00   6.06000000e+02   1.75781250e+00   2.03125000e-01
   2.70000000e+00   6.07000000e+02   1.72656250e+00   6.25000000e-02
   2.70000000e+00   6.08000000e+02   2.00781250e+00   4.27734375e-01
   2.70000000e+00   6.09000000e+02   1.89062500e+00   1.58203125e-01
   2.70000000e+00   6.10000000e+02   1.85156250e+00   2.14843750e-01
   2.70000000e+00   6.11000000e+02   1.87500000e+00   1.28906250e-01
   2.70000000e+00   6.12000000e+02   1.71093750e+00   1.25000000e-01
   2.70000000e+00   6.13000000e+02   1.82031250e+00   2.92968750e-02
   2.70000000e+00   6.14000000e+02   2.05468750e+00   1.95312500e-01
   2.70000000e+00   6.15000000e+02   2.06250000e+00   3.00781250e-01
   2.70000000e+00   6.16000000e+02   1.92187500e+00   8.59375000e-02
   2.70000000e+00   6.17000000e+02   1.97656250e+00   7.61718750e-02
   2.70000000e+00   6.18000000e+02   1.94531250e+00   2.14843750e-02
   2.70000000e+00   6.19000000e+02   2.09375000e+00   2.69531250e-01
   2.70000000e+00   6.20000000e+02   2.03125000e+00   2.01171875e-01
   2.70000000e+00   6.21000000e+02   2.03906250e+00   1.09375000e-01
   2.70000000e+00   6.22000000e+02   1.90625000e+00   8.20312500e-02
   2.70000000e+00   6.23000000e+02   1.94531250e+00   5.46875000e-02
   2.70000000e+00   6.24000000e+02   1.76562500e+00   1.25000000e-01
   2.70000000e+00   6.25000000e+02   1.90625000e+00   8.39843750e-02
   2.70000000e+00   6.26000000e+02   1.97656250e+00   1.75781250e-02
   2.70000000e+00   6.27000000e+02   1.87500000e+00   5.66406250e-02
   2.70000000e+00   6.28000000e+02   1.95312500e+00   1.28906250e-01
   2.70000000e+00   6.29000000e+02   2.19531250e+00   2.26562500e-01
   2.70000000e+00   6.30000000e+02   2.03125000e+00   1.99218750e-01
   2.70000000e+00   6.31000000e+02   2.01562500e+00   1.36718750e-02
   2.70000000e+00   6.32000000e+02   1.61718750e+00   3.71093750e-02
   2.70000000e+00   6.33000000e+02   2.03906250e+00   1.60156250e-01
   2.70000000e+00   6.34000000e+02   2.31250000e+00   2.92968750e-01
   2.70000000e+00   6.35000000e+02   1.96875000e+00   1.67968750e-01
   2.70000000e+00   6.36000000e+02   2.01562500e+00   3.06640625e-01
   2.70000000e+00   6.37000000e+02   1.90625000e+00   6.05468750e-02
   2.70000000e+00   6.38000000e+02   2.01562500e+00   1.83593750e-01
   2.70000000e+00   6.39000000e+02   1.71875000e+00   7.81250000e-02
   2.70000000e+00   6.40000000e+02   1.84375000e+00   9.17968750e-02
   2.70000000e+00   6.41000000e+02   1.75000000e+00   5.66406250e-02
   2.70000000e+00   6.42000000e+02   1.98437500e+00   1.56250000e-01
   2.70000000e+00   6.43000000e+02   1.81250000e+00   1.79687500e-01
   2.70000000e+00   6.44000000e+02   1.98437500e+00   3.12500000e-02
   2.70000000e+00   6.45000000e+02   1.99218750e+00   7.22656250e-02
   2.70000000e+00   6.46000000e+02   1.90625000e+00   5.85937500e-02
   2.70000000e+00   6.47000000e+02   1.82812500e+00   1.17187500e-01
   2.70000000e+00   6.48000000e+02   1.94531250e+00   2.14843750e-01
   2.70000000e+00   6.49000000e+02   1.99218750e+00   4.88281250e-02
   2.70000000e+00   6.50000000e+02   1.92968750e+00   2.24609375e-01
   2.70000000e+00   6.51000000e+02   1.64843750e+00   2.34375000e-02
   2.70000000e+00   6.52000000e+02   1.94531250e+00   1.17187500e-02
   2.70000000e+00   6.53000000e+02   1.95312500e+00   5.66406250e-02
   2.70000000e+00   6.54000000e+02   2.29687500e+00   1.85546875e-01
   2.70000000e+00   6.55000000e+02   1.70312500e+00   1.95312500e-02
   2.70000000e+00   6.56000000e+02   1.83593750e+00   1.99218750e-01
   2.70000000e+00   6.57000000e+02   1.82031250e+00   2.59765625e-01
   2.70000000e+00   6.58000000e+02   2.00781250e+00   1.30859375e-01
   2.70000000e+00   6.59000000e+02   1.92968750e+00   2.71484375e-01
   2.70000000e+00   6.60000000e+02   1.91406250e+00   5.07812500e-02
   2.70000000e+00   6.61000000e+02   1.84375000e+00   8.20312500e-02
   2.70000000e+00   6.62000000e+02   1.85156250e+00   2.28515625e-01
   2.70000000e+00   6.63000000e+02   1.82031250e+00   2.07031250e-01
   2.70000000e+00   6.64000000e+02   2.15625000e+00   2.73437500e-01
   2.70000000e+00   6.65000000e+02   2.06250000e+00   2.36328125e-01
   2.70000000e+00   6.66000000e+02   1.83593750e+00   2.40234375e-01
   2.70000000e+00   6.67000000e+02   1.87500000e+00   9.76562500e-02
   2.70000000e+00   6.68000000e+02   2.09375000e+00   3.26171875e-01
   2.70000000e+00   6.69000000e+02   2.05468750e+00   9.57031250e-02
   2.70000000e+00   6.70000000e+02   1.71093750e+00   2.14843750e-02
   2.70000000e+00   6.71000000e+02   1.96875000e+00   6.05468750e-02
   2.70000000e+00   6.72000000e+02   1.71875000e+00   5.66406250e-02
   2.70000000e+00   6.73000000e+02   2.05468750e+00   2.16796875e-01
   2.70000000e+00   6.74000000e+02   1.90625000e+00   5.85937500e-02
   2.70000000e+00   6.75000000e+02   1.82812500e+00   2.92968750e-02
   2.70000000e+00   6.76000000e+02   1.98437500e+00   2.18750000e-01
   2.70000000e+00   6.77000000e+02   1.78125000e+00   1.50390625e-01
   2.70000000e+00   6.78000000e+02   1.88281250e+00   5.85937500e-03
   2.70000000e+00   6.79000000e+02   1.87500000e+00   1.11328125e-01
   2.70000000e+00   6.80000000e+02   1.76562500e+00   1.25000000e-01
   2.70000000e+00   6.81000000e+02   2.03906250e+00   1.11328125e-01
   2.70000000e+00   6.82000000e+02   2.08593750e+00   1.60156250e-01
   2.70000000e+00   6.83000000e+02   2.00000000e+00   7.81250000e-03
   2.70000000e+00   6.84000000e+02   1.74218750e+00   1.52343750e-01
   2.70000000e+00   6.85000000e+02   1.97656250e+00   3.32031250e-02
   2.70000000e+00   6.86000000e+02   2.02343750e+00   9.96093750e-02
   2.70000000e+00   6.87000000e+02   2.05468750e+00   9.17968750e-02
   2.70000000e+00   6.88000000e+02   1.67968750e+00   3.90625000e-03
   2.70000000e+00   6.89000000e+02   2.02343750e+00   9.96093750e-02
   2.70000000e+00   6.90000000e+02   2.17187500e+00   3.06640625e-01
   2.70000000e+00   6.91000000e+02   2.05468750e+00   1.89453125e-01
   2.70000000e+00   6.92000000e+02   2.00000000e+00   2.59765625e-01
   2.70000000e+00   6.93000000e+02   1.89062500e+00   2.40234375e-01
   2.70000000e+00   6.94000000e+02   2.00000000e+00   2.92968750e-01
   2.70000000e+00   6.95000000e+02   2.02343750e+00   1.48437500e-01
   2.70000000e+00   6.96000000e+02   1.76562500e+00   5.85937500e-03
   2.70000000e+00   6.97000000e+02   1.80468750e+00   2.92968750e-02
   2.70000000e+00   6.98000000e+02   1.85937500e+00   1.38671875e-01
   2.70000000e+00   6.99000000e+02   1.86718750e+00   1.71875000e-01
   2.70000000e+00   7.00000000e+02   2.26562500e+00   2.92968750e-02
   2.70000000e+00   7.01000000e+02   1.82812500e+00   6.25000000e-02
   2.70000000e+00   7.02000000e+02   1.90625000e+00   1.95312500e-02
   2.70000000e+00   7.03000000e+02   1.91406250e+00   9.37500000e-02
   2.70000000e+00   7.04000000e+02   1.85937500e+00   6.25000000e-02
   2.70000000e+00   7.05000000e+02   1.97656250e+00   1.91406250e-01
   2.70000000e+00   7.06000000e+02   1.94531250e+00   9.57031250e-02
   2.70000000e+00   7.07000000e+02   1.82031250e+00   1.40625000e-01
   2.70000000e+00   7.08000000e+02   1.94531250e+00   3.24218750e-01
   2.70000000e+00   7.09000000e+02   2.05468750e+00   1.48437500e-01
   2.70000000e+00   7.10000000e+02   2.00000000e+00   1.36718750e-02
   2.70000000e+00   7.11000000e+02   1.86718750e+00   6.83593750e-02
   2.70000000e+00   7.12000000e+02   2.06250000e+00   7.81250000e-02
   2.70000000e+00   7.13000000e+02   1.78906250e+00   3.51562500e-02
   2.70000000e+00   7.14000000e+02   1.95312500e+00   5.85937500e-03
   2.70000000e+00   7.15000000e+02   2.01562500e+00   1.09375000e-01
   2.70000000e+00   7.16000000e+02   1.69531250e+00   6.83593750e-02
   2.70000000e+00   7.17000000e+02   1.80468750e+00   7.61718750e-02
   2.70000000e+00   7.18000000e+02   1.98437500e+00   7.03125000e-02
   2.70000000e+00   7.19000000e+02   2.09375000e+00   1.52343750e-01
   2.70000000e+00   7.20000000e+02   1.71875000e+00   1.32812500e-01
   2.70000000e+00   7.21000000e+02   1.90625000e+00   6.64062500e-02
   2.70000000e+00   7.22000000e+02   2.03906250e+00   1.91406250e-01
   2.70000000e+00   7.23000000e+02   2.00781250e+00   2.57812500e-01
   2.70000000e+00   7.24000000e+02   2.03125000e+00   1.83593750e-01
   2.70000000e+00   7.25000000e+02   1.92968750e+00   1.44531250e-01
   2.70000000e+00   7.26000000e+02   1.90625000e+00   3.90625000e-02
   2.70000000e+00   7.27000000e+02   1.71093750e+00   7.03125000e-02
   2.70000000e+00   7.28000000e+02   2.03906250e+00   1.09375000e-01
   2.70000000e+00   7.29000000e+02   1.60937500e+00   1.21093750e-01
   2.70000000e+00   7.30000000e+02   1.76562500e+00   6.25000000e-02
   2.70000000e+00   7.31000000e+02   2.26562500e+00   2.65625000e-01
   2.70000000e+00   7.32000000e+02   2.03125000e+00   1.69921875e-01
   2.70000000e+00   7.33000000e+02   1.87500000e+00   1.69921875e-01
   2.70000000e+00   7.34000000e+02   1.85156250e+00   3.14453125e-01
   2.70000000e+00   7.35000000e+02   1.68750000e+00   1.54296875e-01
   2.70000000e+00   7.36000000e+02   1.69531250e+00   3.51562500e-02
   2.70000000e+00   7.37000000e+02   2.07812500e+00   2.69531250e-01
   2.70000000e+00   7.38000000e+02   1.84375000e+00   2.53906250e-02
   2.70000000e+00   7.39000000e+02   1.91406250e+00   2.07031250e-01
   2.70000000e+00   7.40000000e+02   1.85156250e+00   3.32031250e-02
   2.70000000e+00   7.41000000e+02   1.99218750e+00   1.19140625e-01
   2.70000000e+00   7.42000000e+02   2.12500000e+00   1.60156250e-01
   2.70000000e+00   7.43000000e+02   1.78906250e+00   7.22656250e-02
   2.70000000e+00   7.44000000e+02   2.00000000e+00   2.98828125e-01
   2.70000000e+00   7.45000000e+02   1.95312500e+00   1.32812500e-01
   2.70000000e+00   7.46000000e+02   1.82812500e+00   5.85937500e-03
   2.70000000e+00   7.47000000e+02   1.54687500e+00   8.98437500e-02
   2.70000000e+00   7.48000000e+02   1.77343750e+00   8.39843750e-02
   2.70000000e+00   7.49000000e+02   1.64062500e+00   1.11328125e-01
   2.70000000e+00   7.50000000e+02   1.92187500e+00   3.51562500e-02
   2.70000000e+00   7.51000000e+02   2.19531250e+00   2.55859375e-01
   2.70000000e+00   7.52000000e+02   1.86718750e+00   2.75390625e-01
   2.70000000e+00   7.53000000e+02   1.88281250e+00   2.07031250e-01
   2.70000000e+00   7.54000000e+02   2.01562500e+00   2.14843750e-02
   2.70000000e+00   7.55000000e+02   1.88281250e+00   8.59375000e-02
   2.70000000e+00   7.56000000e+02   2.01562500e+00   2.65625000e-01
   2.70000000e+00   7.57000000e+02   1.90625000e+00   1.67968750e-01
   2.70000000e+00   7.58000000e+02   1.86718750e+00   6.25000000e-02
   2.70000000e+00   7.59000000e+02   2.08593750e+00   1.36718750e-02
   2.70000000e+00   7.60000000e+02   1.82031250e+00   1.25000000e-01
   2.70000000e+00   7.61000000e+02   1.89843750e+00   8.39843750e-02
   2.70000000e+00   7.62000000e+02   2.11718750e+00   9.57031250e-02
   2.70000000e+00   7.63000000e+02   2.14062500e+00   2.75390625e-01
   2.70000000e+00   7.64000000e+02   1.88281250e+00   2.34375000e-01
   2.70000000e+00   7.65000000e+02   1.79687500e+00   9.37500000e-02
   2.70000000e+00   7.66000000e+02   1.93750000e+00   9.96093750e-02
   2.70000000e+00   7.67000000e+02   1.78906250e+00   1.95312500e-03
   2.70000000e+00   7.68000000e+02   1.76562500e+00   4.88281250e-02
   2.70000000e+00   7.69000000e+02   1.96093750e+00   1.77734375e-01
   2.70000000e+00   7.70000000e+02   1.73437500e+00   8.00781250e-02
   2.70000000e+00   7.71000000e+02   1.96875000e+00   1.95312500e-03
   2.70000000e+00   7.72000000e+02   2.10937500e+00   1.23046875e-01
   2.70000000e+00   7.73000000e+02   1.84375000e+00   2.92968750e-02
   2.70000000e+00   7.74000000e+02   1.94531250e+00   2.73437500e-01
   2.70000000e+00   7.75000000e+02   2.21093750e+00   5.85937500e-03
   2.70000000e+00   7.76000000e+02   2.16406250e+00   8.78906250e-02
   2.70000000e+00   7.77000000e+02   1.80468750e+00   4.49218750e-02
   2.70000000e+00   7.78000000e+02   2.01562500e+00   2.34375000e-02
   2.70000000e+00   7.79000000e+02   2.23437500e+00   1.99218750e-01
   2.70000000e+00   7.80000000e+02   2.11718750e+00   1.69921875e-01
   2.70000000e+00   7.81000000e+02   1.91406250e+00   1.30859375e-01
   2.70000000e+00   7.82000000e+02   2.13281250e+00   8.20312500e-02
   2.70000000e+00   7.83000000e+02   2.06250000e+00   2.36328125e-01
   2.70000000e+00   7.84000000e+02   1.84375000e+00   1.81640625e-01
   2.70000000e+00   7.85000000e+02   1.98437500e+00   3.32031250e-01
   2.70000000e+00   7.86000000e+02   2.06250000e+00   2.53906250e-02
   2.70000000e+00   7.87000000e+02   1.92187500e+00   2.53906250e-02
   2.70000000e+00   7.88000000e+02   1.96875000e+00   7.42187500e-02
   2.70000000e+00   7.89000000e+02   1.93750000e+00   3.90625000e-02
   2.70000000e+00   7.90000000e+02   1.78906250e+00   1.23046875e-01
   2.70000000e+00   7.91000000e+02   2.00000000e+00   1.54296875e-01
   2.70000000e+00   7.92000000e+02   1.94531250e+00   1.69921875e-01
   2.70000000e+00   7.93000000e+02   2.10156250e+00   1.13281250e-01
   2.70000000e+00   7.94000000e+02   1.66406250e+00   2.34375000e-01
   2.70000000e+00   7.95000000e+02   1.96875000e+00   1.50390625e-01
   2.70000000e+00   7.96000000e+02   2.02343750e+00   2.14843750e-01
   2.70000000e+00   7.97000000e+02   2.17187500e+00   9.37500000e-02
   2.70000000e+00   7.98000000e+02   2.18750000e+00   2.10937500e-01
   2.70000000e+00   7.99000000e+02   1.96093750e+00   1.93359375e-01
   2.70000000e+00   8.00000000e+02   1.73437500e+00   7.22656250e-02
   2.70000000e+00   8.01000000e+02   2.01562500e+00   2.34375000e-01
   2.70000000e+00   8.02000000e+02   2.06250000e+00   1.01562500e-01
   2.70000000e+00   8.03000000e+02   2.00000000e+00   7.81250000e-02
   2.70000000e+00   8.04000000e+02   2.19531250e+00   2.32421875e-01
   2.70000000e+00   8.05000000e+02   2.05468750e+00   7.61718750e-02
   2.70000000e+00   8.06000000e+02   1.90625000e+00   4.68750000e-02
   2.70000000e+00   8.07000000e+02   1.85937500e+00   2.65625000e-01
   2.70000000e+00   8.08000000e+02   1.90625000e+00   5.85937500e-03
   2.70000000e+00   8.09000000e+02   2.06250000e+00   2.46093750e-01
   2.70000000e+00   8.10000000e+02   2.14062500e+00   4.17968750e-01
   2.70000000e+00   8.11000000e+02   1.85937500e+00   1.21093750e-01
   2.70000000e+00   8.12000000e+02   2.13281250e+00   2.92968750e-01
   2.70000000e+00   8.13000000e+02   1.95312500e+00   1.81640625e-01
   2.70000000e+00   8.14000000e+02   1.90625000e+00   1.15234375e-01
   2.70000000e+00   8.15000000e+02   1.96093750e+00   4.49218750e-02
   2.70000000e+00   8.16000000e+02   2.14062500e+00   2.16796875e-01
   2.70000000e+00   8.17000000e+02   1.82812500e+00   2.01171875e-01
   2.70000000e+00   8.18000000e+02   1.73437500e+00   2.03125000e-01
   2.70000000e+00   8.19000000e+02   2.01562500e+00   1.89453125e-01
   2.70000000e+00   8.20000000e+02   1.77343750e+00   1.36718750e-02
   2.70000000e+00   8.21000000e+02   1.71093750e+00   2.34375000e-02
   2.70000000e+00   8.22000000e+02   1.78906250e+00   2.38281250e-01
   2.70000000e+00   8.23000000e+02   1.92968750e+00   3.04687500e-01
   2.70000000e+00   8.24000000e+02   1.83593750e+00   1.21093750e-01
   2.70000000e+00   8.25000000e+02   2.07812500e+00   1.97265625e-01
   2.70000000e+00   8.26000000e+02   1.67968750e+00   2.92968750e-02
   2.70000000e+00   8.27000000e+02   1.70312500e+00   1.09375000e-01
   2.70000000e+00   8.28000000e+02   1.88281250e+00   1.36718750e-02
   2.70000000e+00   8.29000000e+02   2.31250000e+00   4.17968750e-01
   2.70000000e+00   8.30000000e+02   1.93750000e+00   8.59375000e-02
   2.70000000e+00   8.31000000e+02   1.99218750e+00   8.59375000e-02
   2.70000000e+00   8.32000000e+02   1.96875000e+00   5.66406250e-02
   2.70000000e+00   8.33000000e+02   2.00781250e+00   2.18750000e-01
   2.70000000e+00   8.34000000e+02   1.98437500e+00   8.00781250e-02
   2.70000000e+00   8.35000000e+02   1.85937500e+00   9.17968750e-02
   2.70000000e+00   8.36000000e+02   1.87500000e+00   1.79687500e-01
   2.70000000e+00   8.37000000e+02   1.94531250e+00   1.56250000e-02
   2.70000000e+00   8.38000000e+02   1.82812500e+00   1.32812500e-01
   2.70000000e+00   8.39000000e+02   1.85937500e+00   3.51562500e-02
   2.70000000e+00   8.40000000e+02   1.93750000e+00   2.53906250e-02
   2.70000000e+00   8.41000000e+02   1.97656250e+00   1.01562500e-01
   2.70000000e+00   8.42000000e+02   1.76562500e+00   2.14843750e-02
   2.70000000e+00   8.43000000e+02   1.60937500e+00   1.71875000e-01
   2.70000000e+00   8.44000000e+02   2.01562500e+00   8.39843750e-02
   2.70000000e+00   8.45000000e+02   2.00000000e+00   1.48437500e-01
   2.70000000e+00   8.46000000e+02   2.00000000e+00   7.42187500e-02
   2.70000000e+00   8.47000000e+02   1.97656250e+00   1.93359375e-01
   2.70000000e+00   8.48000000e+02   1.90625000e+00   5.85937500e-03
   2.70000000e+00   8.49000000e+02   1.88281250e+00   9.96093750e-02
   2.70000000e+00   8.50000000e+02   2.07812500e+00   6.05468750e-02
   2.70000000e+00   8.51000000e+02   1.79687500e+00   1.19140625e-01
   2.70000000e+00   8.52000000e+02   1.92187500e+00   9.76562500e-03
   2.70000000e+00   8.53000000e+02   1.90625000e+00   1.56250000e-01
   2.70000000e+00   8.54000000e+02   2.01562500e+00   2.79296875e-01
   2.70000000e+00   8.55000000e+02   1.97656250e+00   7.03125000e-02
   2.70000000e+00   8.56000000e+02   1.78125000e+00   8.00781250e-02
   2.70000000e+00   8.57000000e+02   2.13281250e+00   8.20312500e-02
   2.70000000e+00   8.58000000e+02   1.96093750e+00   7.81250000e-02
   2.70000000e+00   8.59000000e+02   2.01562500e+00   2.42187500e-01
   2.70000000e+00   8.60000000e+02   2.17187500e+00   1.03515625e-01
   2.70000000e+00   8.61000000e+02   2.03906250e+00   7.81250000e-03
   2.70000000e+00   8.62000000e+02   1.74218750e+00   3.90625000e-02
   2.70000000e+00   8.63000000e+02   1.81250000e+00   1.58203125e-01
   2.70000000e+00   8.64000000e+02   1.88281250e+00   1.03515625e-01
   2.70000000e+00   8.65000000e+02   1.71875000e+00   1.21093750e-01
   2.70000000e+00   8.66000000e+02   1.88281250e+00   5.46875000e-02
   2.70000000e+00   8.67000000e+02   1.78906250e+00   9.17968750e-02
   2.70000000e+00   8.68000000e+02   1.66406250e+00   2.03125000e-01
   2.70000000e+00   8.69000000e+02   2.21093750e+00   2.22656250e-01
   2.70000000e+00   8.70000000e+02   2.02343750e+00   2.63671875e-01
   2.70000000e+00   8.71000000e+02   2.03906250e+00   5.85937500e-02
   2.70000000e+00   8.72000000e+02   1.98437500e+00   3.90625000e-02
   2.70000000e+00   8.73000000e+02   2.07812500e+00   1.17187500e-02
   2.70000000e+00   8.74000000e+02   2.11718750e+00   1.73828125e-01
   2.70000000e+00   8.75000000e+02   1.81250000e+00   1.03515625e-01
   2.70000000e+00   8.76000000e+02   1.92968750e+00   2.42187500e-01
   2.70000000e+00   8.77000000e+02   1.85156250e+00   9.76562500e-02
   2.70000000e+00   8.78000000e+02   2.00781250e+00   4.88281250e-02
   2.70000000e+00   8.79000000e+02   1.98437500e+00   8.20312500e-02
   2.70000000e+00   8.80000000e+02   2.01562500e+00   3.51562500e-02
   2.70000000e+00   8.81000000e+02   1.84375000e+00   9.37500000e-02
   2.70000000e+00   8.82000000e+02   1.91406250e+00   8.98437500e-02
   2.70000000e+00   8.83000000e+02   2.07031250e+00   2.67578125e-01
   2.70000000e+00   8.84000000e+02   1.96093750e+00   1.03515625e-01
   2.70000000e+00   8.85000000e+02   1.82031250e+00   8.20312500e-02
   2.70000000e+00   8.86000000e+02   1.96093750e+00   7.81250000e-03
   2.70000000e+00   8.87000000e+02   2.07812500e+00   2.10937500e-01
   2.70000000e+00   8.88000000e+02   2.07812500e+00   6.64062500e-02
   2.70000000e+00   8.89000000e+02   1.93750000e+00   7.81250000e-02
   2.70000000e+00   8.90000000e+02   1.76562500e+00   1.42578125e-01
   2.70000000e+00   8.91000000e+02   1.89062500e+00   1.97265625e-01
   2.70000000e+00   8.92000000e+02   1.99218750e+00   5.66406250e-02
   2.70000000e+00   8.93000000e+02   1.89843750e+00   9.57031250e-02
   2.70000000e+00   8.94000000e+02   1.83593750e+00   1.93359375e-01
   2.70000000e+00   8.95000000e+02   1.94531250e+00   8.59375000e-02
   2.70000000e+00   8.96000000e+02   1.81250000e+00   4.29687500e-02
   2.70000000e+00   8.97000000e+02   1.95312500e+00   8.20312500e-02
   2.70000000e+00   8.98000000e+02   1.89062500e+00   1.95312500e-03
   2.70000000e+00   8.99000000e+02   2.01562500e+00   1.56250000e-02
   2.70000000e+00   9.00000000e+02   1.82812500e+00   1.01562500e-01
   2.70000000e+00   9.01000000e+02   1.97656250e+00   3.32031250e-02
   2.70000000e+00   9.02000000e+02   1.98437500e+00   1.17187500e-02
   2.70000000e+00   9.03000000e+02   1.89062500e+00   7.42187500e-02
   2.70000000e+00   9.04000000e+02   2.08593750e+00   8.39843750e-02
   2.70000000e+00   9.05000000e+02   2.01562500e+00   5.27343750e-02
   2.70000000e+00   9.06000000e+02   2.13281250e+00   2.44140625e-01
   2.70000000e+00   9.07000000e+02   1.97656250e+00   6.44531250e-02
   2.70000000e+00   9.08000000e+02   2.01562500e+00   5.85937500e-03
   2.70000000e+00   9.09000000e+02   1.77343750e+00   1.62109375e-01
   2.70000000e+00   9.10000000e+02   1.93750000e+00   2.73437500e-01
   2.70000000e+00   9.11000000e+02   1.66406250e+00   5.85937500e-03
   2.70000000e+00   9.12000000e+02   1.79687500e+00   2.14843750e-02
   2.70000000e+00   9.13000000e+02   2.12500000e+00   1.73828125e-01
   2.70000000e+00   9.14000000e+02   1.85937500e+00   1.48437500e-01
   2.70000000e+00   9.15000000e+02   1.83593750e+00   9.57031250e-02
   2.70000000e+00   9.16000000e+02   2.07031250e+00   3.45703125e-01
   2.70000000e+00   9.17000000e+02   1.95312500e+00   6.25000000e-02
   2.70000000e+00   9.18000000e+02   1.97656250e+00   3.12500000e-01
   2.70000000e+00   9.19000000e+02   1.96875000e+00   1.09375000e-01
   2.70000000e+00   9.20000000e+02   1.74218750e+00   5.66406250e-02
   2.70000000e+00   9.21000000e+02   1.88281250e+00   8.00781250e-02
   2.70000000e+00   9.22000000e+02   1.74218750e+00   2.42187500e-01
   2.70000000e+00   9.23000000e+02   1.92968750e+00   1.75781250e-02
   2.70000000e+00   9.24000000e+02   1.88281250e+00   1.26953125e-01
   2.70000000e+00   9.25000000e+02   1.96093750e+00   8.00781250e-02
   2.70000000e+00   9.26000000e+02   1.93750000e+00   2.96875000e-01
   2.70000000e+00   9.27000000e+02   2.04687500e+00   3.71093750e-02
   2.70000000e+00   9.28000000e+02   1.89062500e+00   2.55859375e-01
   2.70000000e+00   9.29000000e+02   1.92968750e+00   3.71093750e-02
   2.70000000e+00   9.30000000e+02   1.74218750e+00   1.97265625e-01
   2.70000000e+00   9.31000000e+02   1.92968750e+00   1.28906250e-01
   2.70000000e+00   9.32000000e+02   1.88281250e+00   4.10156250e-02
   2.70000000e+00   9.33000000e+02   1.84375000e+00   1.52343750e-01
   2.70000000e+00   9.34000000e+02   1.90625000e+00   8.00781250e-02
   2.70000000e+00   9.35000000e+02   2.26562500e+00   1.34765625e-01
   2.70000000e+00   9.36000000e+02   1.77343750e+00   5.27343750e-02
   2.70000000e+00   9.37000000e+02   1.91406250e+00   6.64062500e-02
   2.70000000e+00   9.38000000e+02   1.74218750e+00   9.76562500e-03
   2.70000000e+00   9.39000000e+02   1.68750000e+00   1.36718750e-02
   2.70000000e+00   9.40000000e+02   1.92187500e+00   6.64062500e-02
   2.70000000e+00   9.41000000e+02   1.86718750e+00   5.66406250e-02
   2.70000000e+00   9.42000000e+02   1.97656250e+00   5.66406250e-02
   2.70000000e+00   9.43000000e+02   1.94531250e+00   2.38281250e-01
   2.70000000e+00   9.44000000e+02   2.14062500e+00   2.07031250e-01
   2.70000000e+00   9.45000000e+02   1.89062500e+00   1.01562500e-01
   2.70000000e+00   9.46000000e+02   2.03906250e+00   2.08984375e-01
   2.70000000e+00   9.47000000e+02   2.00781250e+00   1.17187500e-01
   2.70000000e+00   9.48000000e+02   1.79687500e+00   8.78906250e-02
   2.70000000e+00   9.49000000e+02   1.80468750e+00   2.16796875e-01
   2.70000000e+00   9.50000000e+02   1.85156250e+00   1.09375000e-01
   2.70000000e+00   9.51000000e+02   1.66406250e+00   1.95312500e-03
   2.70000000e+00   9.52000000e+02   2.00000000e+00   2.32421875e-01
   2.70000000e+00   9.53000000e+02   1.78906250e+00   1.75781250e-02
   2.70000000e+00   9.54000000e+02   1.74218750e+00   1.73828125e-01
   2.70000000e+00   9.55000000e+02   2.05468750e+00   2.53906250e-01
   2.70000000e+00   9.56000000e+02   1.74218750e+00   1.28906250e-01
   2.70000000e+00   9.57000000e+02   1.72656250e+00   1.03515625e-01
   2.70000000e+00   9.58000000e+02   1.94531250e+00   1.71875000e-01
   2.70000000e+00   9.59000000e+02   1.98437500e+00   2.59765625e-01
   2.70000000e+00   9.60000000e+02   1.92187500e+00   6.64062500e-02
   2.70000000e+00   9.61000000e+02   1.96875000e+00   8.78906250e-02
   2.70000000e+00   9.62000000e+02   1.85937500e+00   8.39843750e-02
   2.70000000e+00   9.63000000e+02   2.02343750e+00   3.32031250e-02
   2.70000000e+00   9.64000000e+02   2.07812500e+00   2.73437500e-01
   2.70000000e+00   9.65000000e+02   2.08593750e+00   3.41796875e-01
   2.70000000e+00   9.66000000e+02   1.96093750e+00   7.22656250e-02
   2.70000000e+00   9.67000000e+02   2.02343750e+00   8.39843750e-02
   2.70000000e+00   9.68000000e+02   1.75000000e+00   8.20312500e-02
   2.70000000e+00   9.69000000e+02   1.91406250e+00   8.20312500e-02
   2.70000000e+00   9.70000000e+02   1.91406250e+00   1.05468750e-01
   2.70000000e+00   9.71000000e+02   2.10156250e+00   3.88671875e-01
   2.70000000e+00   9.72000000e+02   1.83593750e+00   2.94921875e-01
   2.70000000e+00   9.73000000e+02   1.71093750e+00   2.12890625e-01
   2.70000000e+00   9.74000000e+02   1.77343750e+00   1.21093750e-01
   2.70000000e+00   9.75000000e+02   1.77343750e+00   7.61718750e-02
   2.70000000e+00   9.76000000e+02   1.73437500e+00   2.50000000e-01
   2.70000000e+00   9.77000000e+02   1.92187500e+00   1.58203125e-01
   2.70000000e+00   9.78000000e+02   1.94531250e+00   1.99218750e-01
   2.70000000e+00   9.79000000e+02   2.02343750e+00   1.91406250e-01
   2.70000000e+00   9.80000000e+02   1.95312500e+00   5.27343750e-02
   2.70000000e+00   9.81000000e+02   2.06250000e+00   2.57812500e-01
   2.70000000e+00   9.82000000e+02   1.92968750e+00   1.48437500e-01
   2.70000000e+00   9.83000000e+02   1.83593750e+00   1.77734375e-01
   2.70000000e+00   9.84000000e+02   1.67968750e+00   1.75781250e-02
   2.70000000e+00   9.85000000e+02   1.85937500e+00   1.36718750e-01
   2.70000000e+00   9.86000000e+02   1.89843750e+00   6.64062500e-02
   2.70000000e+00   9.87000000e+02   1.90625000e+00   2.42187500e-01
   2.70000000e+00   9.88000000e+02   1.83593750e+00   1.01562500e-01
   2.70000000e+00   9.89000000e+02   1.96875000e+00   8.20312500e-02
   2.70000000e+00   9.90000000e+02   2.21875000e+00   3.57421875e-01
   2.70000000e+00   9.91000000e+02   2.09375000e+00   6.64062500e-02
   2.70000000e+00   9.92000000e+02   1.88281250e+00   8.98437500e-02
   2.70000000e+00   9.93000000e+02   1.99218750e+00   1.95312500e-02
   2.70000000e+00   9.94000000e+02   1.86718750e+00   2.85156250e-01
   2.70000000e+00   9.95000000e+02   1.82031250e+00   1.67968750e-01
   2.70000000e+00   9.96000000e+02   2.00781250e+00   1.95312500e-02
   2.70000000e+00   9.97000000e+02   2.00000000e+00   3.06640625e-01
   2.70000000e+00   9.98000000e+02   1.86718750e+00   2.14843750e-02
   2.70000000e+00   9.99000000e+02   1.87500000e+00   1.95312500e-02
