ADP
   1.7980000
 4
  Elementarzelle
 90
 90
 90
   7.4991000
   7.4991000
   7.5493000
P
 4
15
10
  30.9700000
  Absorptionskanten
   5.7840000
   0.0000000
  94.0000000
  94.0000000
   0.0000000
   0.0000000
   0.0000000
   0.0000000
   0.0000000
  Atomkoordinaten
   0.0000000
   0.0000000
   0.0000000
   0.0000000
   0.5000000
   0.2500000
   0.5000000
   0.5000000
   0.5000000
   0.5000000
   0.0000000
   0.7500000
  DWF
 1
 4
   DWF-Koeffizienten
   0.0054000
   0.0054000
   0.0092000
   0.0000000
   0.0000000
   0.0000000
   0.0000000
   0.0000000
   0.0000000
 Atomstreufaktor
   6.4345000
   4.1791000
   1.7800000
   1.4908000
   1.9067000
  27.1570000
   0.5260000
  68.1645000
   1.1149000
  Abschirmkonstanten
   0.4300000
   5.1700000
   4.0400000
   9.3600000
  10.1100000
   0.0000000
   0.0000000
   0.0000000
N
 4
 7
 8
  14.0070000
  Absorptionskanten
  30.9900000
   0.0000000
   0.0000000
   0.0000000
   0.0000000
   0.0000000
   0.0000000
   0.0000000
   0.0000000
  Atomkoordinaten
   0.0000000
   0.0000000
   0.5000000
   0.0000000
   0.5000000
   0.7500000
   0.5000000
   0.5000000
   0.0000000
   0.5000000
   0.0000000
   0.2500000
  DWF
 1
 4
    DWF-Koeffizienten
   0.0124000
   0.0124000
   0.0081000
   0.0000000
   0.0000000
   0.0000000
   0.0000000
   0.0000000
   0.0000000
 Atomstreufaktor
  12.2126000
   3.1322000
   2.0125000
   1.1663000
   0.0057000
   9.8933000
  28.9975000
   0.5826000
 -11.5290000
  Abschirmkonstanten
   0.3300000
   3.1500000
   3.1700000
   0.0000000
   0.0000000
   0.0000000
   0.0000000
   0.0000000
O
16
 8
 9
  15.9990000
  Absorptionskanten
  23.3200000
   0.0000000
   0.0000000
   0.0000000
   0.0000000
   0.0000000
   0.0000000
   0.0000000
   0.0000000
  Atomkoordinaten
   0.1466000
   0.0843000
   0.1151000
  -0.1466000
  -0.0843000
   0.1151000
  -0.0843000
   0.1466000
  -0.1151000
  -0.1466800
   0.5843000
   0.1349000
   0.1466000
   0.4157000
   0.1349000
   0.0843000
   0.6466000
   0.3651000
  -0.0843000
   0.3534000
   0.3651000
   0.6466000
   0.5843000
   0.6151000
   0.3534000
   0.4157000
   0.6151000
   0.4157000
   0.6466000
   0.3849000
   0.5843000
   0.3534000
   0.3849000
   0.3534000
   0.0843000
   0.6349000
   0.6466000
  -0.0843000
   0.6349000
   0.5843000
   0.1466000
   0.8651000
   0.4157000
  -0.1466000
   0.8651000
   0.0843000
  -0.1466000
  -0.1151000
  DWF
 1
16
   DWF-Koeffiezienten
   0.0076000
   0.0085000
   0.0119000
   0.0006000
  -0.0011000
  -0.0020000
   0.0006000
  -0.0011000
  -0.0020000
 Atomstreufaktor
   3.0485000
   2.2868000
   1.5463000
   0.8670000
  13.2771000
   5.7011000
   0.3239000
  32.9089000
   0.2508000
  Abschirmkonstanten
   0.3400000
   3.5100000
   3.5500000
   0.0000000
   0.0000000
   0.0000000
   0.0000000
   0.0000000
H
24
 1
 1
   1.0080000
  Absorptionskanten
1000.0000000
   0.0000000
   0.0000000
   0.0000000
   0.0000000
   0.0000000
   0.0000000
   0.0000000
   0.0000000
  Atomkoordinaten
   0.1500000
   0.2500000
   0.1250000
  -0.1500000
   0.7500000
   0.1250000
   0.7500000
   0.1500000
   0.8750000
   0.2500000
  -0.1500000
   0.8750000
   0.6500000
   0.7500000
   0.6250000
   0.3500000
   0.2500000
   0.6250000
   0.2500000
   0.6500000
   0.3750000
   0.7500000
   0.3500000
   0.3750000
   0.0890000
  -0.0020000
   0.5630000
  -0.0890000
   0.0020000
   0.5630000
   0.0020000
   0.0890000
  -0.5630000
  -0.0020000
  -0.0890000
  -0.5630000
  -0.0890000
   0.4980000
  -0.3130000
   0.0890000
   0.5020000
  -0.3130000
  -0.0020000
   0.5890000
   0.8130000
   0.0020000
   0.4110000
   0.8130000
   0.5890000
   0.4980000
   0.0630000
   0.4110000
   0.5020000
   0.0630000
   0.5020000
   0.5890000
  -0.0630000
   0.4980000
   0.4110000
  -0.0630000
   0.4110000
  -0.0020000
   0.1870000
   0.5890000
   0.0020000
   0.1870000
   0.4980000
   0.0890000
   0.3130000
   0.5020000
  -0.0890000
   0.3130000
  DWF
 2
 8
16
   DWF-Koeffizienten
   0.0004000
   0.0004000
   0.0004000
   0.0000000
   0.0000000
   0.0000000
   0.0000000
   0.0000000
   0.0000000
   0.0002000
   0.0002000
   0.0002000
   0.0000000
   0.0000000
   0.0000000
   0.0000000
   0.0000000
   0.0000000
 Atomstreufaktor
   0.4899180
   0.2620030
   0.1967670
   0.0498790
  20.6593000
   7.7403900
  49.5519000
   2.2015900
   0.0013050
  Abschirmkonstanten
   0.0000000
   0.0000000
   0.0000000
   0.0000000
   0.0000000
   0.0000000
   0.0000000
   0.0000000
