alpha_Eisen
 7.86
 1
  Elementarzelle
 90
 90
 90
   2.8663000
   2.8663000
   2.8663000
Fe
 2
26
26
  55.8500000
  Absorptionskanten
   1.7434600
   0.0000000
  17.2020000
  17.5250000
 230.0000000
 230.0000000
   0.0000000
   0.0000000
   0.0000000
  Atomkoordinaten
   0.0000000
   0.0000000
   0.0000000
   0.5000000
   0.5000000
   0.5000000
  DWF
1
8
  DWF-Koeffizienten
   0.0000000
   0.0000000
   0.0000000
   0.0000000
   0.0000000
   0.0000000
   0.0000000
   0.0000000
   0.0000000
  Atomstreufaktor
  11.7695000
   7.3573000
   3.5222000
   2.3045000
   4.7611000
   0.3072000
  15.3535000
  76.8805000
   1.0369000
  Abschirmkonstanten
   0.6200000
   7.4000000
   3.9100000
  12.3200000
  13.2200000
  20.5700000
  14.8200000
   0.0000000
