BERYL
   2.7810000
 4
  Elementarzelle
 90
 90
120
   9.2120000
   9.2120000
   9.2360000
BE
 6
  4
  4
   9.0100000
  Absorptionskanten
 111.0000000
   0.0000000
   0.0000000
   0.0000000
   0.0000000
   0.0000000
   0.0000000
   0.0000000
   0.0000000
  Atomkoordinaten
   0.5000000
   0.0000000
   0.2500000
   0.0000000
   0.5000000
   0.2500000
   0.5000000
   0.5000000
   0.2500000
   0.5000000
   0.0000000
   0.7500000
   0.0000000
   0.5000000
   0.7500000
   0.5000000
   0.5000000
   0.7500000
  DWF
 1
 6
   DWF-Koeffizienten
   0.0000000
   0.0000000
   0.0000000
   0.0000000
   0.0000000
   0.0000000
   0.0000000
   0.0000000
   0.0000000
  Atomstreufaktor
   6.2603000
   0.8849000
   0.7993000
   0.1647000
   0.0027000
   0.8313000
   2.2758000
   5.1146000
  -6.1092000
  Abschirmkonstanten
   0.0000000
   0.0000000
   0.0000000
   0.0000000
   0.0000000
   0.0000000
   0.0000000
   0.0000000
AL
 4
 13
 13
  26.9800000
  Absorptionskanten
   7.9481300
 142.5000000
 170.4000000
 170.4000000
   0.0000000
   0.0000000
   0.0000000
   0.0000000
   0.0000000
  Atomkoordinaten
   0.3333000
   0.6666000
   0.2500000
   0.6666000
   0.3333000
   0.2500000
   0.3333000
   0.6666000
   0.7500000
   0.6666000
   0.3333000
   0.7500000
  DWF
 1
 4
   DWF-Koeffizienten
   0.0000000
   0.0000000
   0.0000000
   0.0000000
   0.0000000
   0.0000000
   0.0000000
   0.0000000
   0.0000000
  Atomstreufaktor
   4.1744800
   3.3876000
   1.2029600
   0.5281370
   1.9381600
   4.1455300
   0.2287530
   8.2852400
   0.7067860
  Abschirmkonstanten
   0.0000000
   0.0000000
   0.0000000
   0.0000000
   0.0000000
   0.0000000
   0.0000000
   0.0000000
SI
12
 14
 14
  28.0900000
  Absorptionskanten
   6.7380000
   0.0000000
 123.0000000
 123.0000000
   0.0000000
   0.0000000
   0.0000000
   0.0000000
   0.0000000
  Atomkoordinaten
   0.3880000
   0.1160000
   0.0000000
  -0.1160000
   0.2720000
   0.0000000
  -0.2720000
  -0.3880000
   0.0000000
   0.1160000
   0.3880000
   0.5000000
  -0.3880000
  -0.2720000
   0.5000000
   0.2720000
  -0.1160000
   0.5000000
  -0.3880000
  -0.1160000
   0.0000000
   0.1160000
  -0.2720000
   0.0000000
   0.2720000
   0.3880000
   0.0000000
  -0.1160000
  -0.3880000
   0.5000000
   0.3880000
   0.2720000
   0.5000000
  -0.2720000
   0.1160000
   0.5000000
  DWF
 1
12
   DWF-Koeffizienten
   0.0000000
   0.0000000
   0.0000000
   0.0000000
   0.0000000
   0.0000000
   0.0000000
   0.0000000
   0.0000000
  Atomstreufaktor
   4.4391800
   3.2034500
   1.1945300
   0.4165300
   1.6416700
   3.4375700
   0.2149000
   6.6536500
   0.7462970
  Abschirmkonstanten
   0.0000000
   0.0000000
   0.0000000
   0.0000000
   0.0000000
   0.0000000
   0.0000000
   0.0000000
O
36
  8
  8
  15.9990000
  Absorptionskanten
  23.3200000
   0.0000000
   0.0000000
   0.0000000
   0.0000000
   0.0000000
   0.0000000
   0.0000000
   0.0000000
  Atomkoordinaten
   0.3110000
   0.2370000
   0.0000000
  -0.2370000
   0.0740000
   0.0000000
  -0.0740000
  -0.3110000
   0.0000000
   0.2370000
   0.3110000
   0.5000000
  -0.3110000
  -0.0740000
   0.5000000
   0.0740000
  -0.2370000
   0.5000000
  -0.3110000
  -0.2370000
   0.0000000
   0.2370000
  -0.0740000
   0.0000000
   0.0740000
   0.3110000
   0.0000000
  -0.2370000
  -0.3110000
   0.5000000
   0.3110000
   0.0740000
   0.5000000
  -0.0740000
   0.2370000
   0.5000000
   0.4990000
   0.1460000
   0.1450000
  -0.1460000
   0.3530000
   0.1450000
  -0.3530000
  -0.4990000
   0.1450000
   0.4990000
   0.1460000
  -0.1450000
  -0.1460000
   0.3530000
  -0.1450000
  -0.3530000
  -0.4990000
  -0.1450000
  -0.4990000
  -0.1460000
   0.1450000
   0.1460000
  -0.3530000
   0.1450000
   0.3530000
   0.4990000
   0.1450000
  -0.4990000
  -0.1460000
  -0.1450000
   0.1460000
  -0.3530000
  -0.1450000
   0.3530000
   0.4990000
  -0.1450000
   0.1460000
   0.4990000
   0.6450000
  -0.4990000
  -0.3530000
   0.6450000
   0.3530000
  -0.1460000
   0.6450000
  -0.1460000
  -0.4990000
   0.6450000
   0.4990000
   0.3530000
   0.6450000
  -0.3530000
   0.1460000
   0.6450000
   0.1460000
   0.4990000
   0.3550000
  -0.4990000
  -0.3530000
   0.3550000
   0.3530000
  -0.1460000
   0.3550000
  -0.1460000
  -0.4990000
   0.3550000
   0.4990000
   0.3530000
   0.3550000
  -0.3530000
   0.1460000
   0.3550000
  DWF
 2
12
24
   DWF-Koeffizienten
   0.0000000
   0.0000000
   0.0000000
   0.0000000
   0.0000000
   0.0000000
   0.0000000
   0.0000000
   0.0000000
   0.0000000
   0.0000000
   0.0000000
   0.0000000
   0.0000000
   0.0000000
   0.0000000
   0.0000000
   0.0000000
  Atomstreufaktor
   4.1916000
   1.6396900
   1.5267300
 -20.3070000
  12.8573000
   4.1723600
  47.0179000
  -0.0140400
  21.9412000
  Abschirmkonstanten
   0.0000000
   0.0000000
   0.0000000
   0.0000000
   0.0000000
   0.0000000
   0.0000000
   0.0000000
