BETA0ALUMINI
   1.0000000
 3
  Elementarzelle
 90
 90
120
   5.5960000
   5.5960000
  22.5200000
NA
 2
 11
 11
  22.9890000
  Absorptionskanten
  11.5690000
   0.0000000
 405.0000000
 405.0000000
   0.0000000
   0.0000000
   0.0000000
   0.0000000
   0.0000000
  Atomkoordinaten
   0.3333300
   0.6666000
   0.7500000
   0.6666600
   0.3333300
   0.2500000
  DWF
 1
 2
   DWF-Koeffizienten
   0.0000000
   0.0000000
   0.0000000
   0.0000000
   0.0000000
   0.0000000
   0.0000000
   0.0000000
   0.0000000
  Atomstreufaktor
   3.2565000
   3.9362000
   1.3998000
   1.0032000
   2.6671000
   6.1153000
   0.2001000
  14.0390000
   0.4040000
  Abschirmkonstanten
   0.0000000
   0.0000000
   0.0000000
   0.0000000
   0.0000000
   0.0000000
   0.0000000
   0.0000000
AL
22
 13
 13
  26.9800000
  Absorptionskanten
   7.9481300
 142.5000000
 170.4000000
 170.4000000
   0.0000000
   0.0000000
   0.0000000
   0.0000000
   0.0000000
  Atomkoordinaten
   0.1665000
   0.3333000
   0.6060000
  -0.3333000
  -0.1665000
   0.6060000
   0.1665000
  -0.1665000
   0.6060000
  -0.1665000
  -0.3330000
  -0.6060000
   0.3330000
   0.1665000
  -0.6060000
  -0.1665000
   0.1665000
  -0.6060000
  -0.1665000
  -0.3330000
   1.1060000
   0.3330000
   0.1665000
   1.1060000
  -0.1665000
   0.1665000
   1.1060000
   0.1665000
   0.3330000
  -0.1060000
  -0.3330000
  -0.1665000
  -0.1060000
   0.1665000
  -0.1665000
  -0.1060000
   0.3333000
   0.6666000
   0.0248000
   0.6666000
   0.3333000
  -0.0248000
   0.6666000
   0.3333000
   0.5248000
   0.3333000
   0.6666000
   0.4752000
   0.3333000
   0.6666000
   0.1753000
   0.6666000
   0.3333000
  -0.1753000
   0.6666000
   0.3333000
   0.6753000
   0.3333000
   0.6666000
   0.3247000
   0.0000000
   0.0000000
   0.0000000
   0.0000000
   0.0000000
   0.5000000
  DWF
 4
12
 4
 4
 2
   DWF-Koeffizienten
   0.0000000
   0.0000000
   0.0000000
   0.0000000
   0.0000000
   0.0000000
   0.0000000
   0.0000000
   0.0000000
   0.0000000
   0.0000000
   0.0000000
   0.0000000
   0.0000000
   0.0000000
   0.0000000
   0.0000000
   0.0000000
   0.0000000
   0.0000000
   0.0000000
   0.0000000
   0.0000000
   0.0000000
   0.0000000
   0.0000000
   0.0000000
   0.0000000
   0.0000000
   0.0000000
   0.0000000
   0.0000000
   0.0000000
   0.0000000
   0.0000000
   0.0000000
  Atomstreufaktor
   4.1744800
   3.3876000
   1.2029600
   0.5281370
   1.9381600
   4.1455300
   0.2287530
   8.2852400
   0.7067860
  Abschirmkonstanten
   0.0000000
   0.0000000
   0.0000000
   0.0000000
   0.0000000
   0.0000000
   0.0000000
   0.0000000
O
34
  8
  8
  15.9990000
  Absorptionskanten
  23.3200000
   0.0000000
   0.0000000
   0.0000000
   0.0000000
   0.0000000
   0.0000000
   0.0000000
   0.0000000
  Atomkoordinaten
   0.1624000
   0.3248000
   0.0496000
  -0.3248000
  -0.1624000
   0.0496000
   0.1624000
  -0.1624000
   0.0496000
  -0.1624000
  -0.3248000
  -0.0496000
   0.3248000
   0.1624000
  -0.0496000
  -0.1624000
   0.1624000
  -0.0496000
  -0.1624000
  -0.3248000
   0.5496000
   0.3248000
   0.1624000
   0.5496000
  -0.1624000
   0.1624000
   0.5496000
   0.1624000
   0.3248000
   0.4504000
  -0.3248000
  -0.1624000
   0.4504000
   0.1624000
  -0.1624000
   0.4504000
   0.5016000
   1.0032000
   0.1464000
  -1.0032000
  -0.5016000
   0.1464000
   0.5016000
  -0.5016000
   0.1464000
  -0.5016000
  -1.0032000
  -0.1464000
   1.0032000
   0.5016000
  -0.1464000
  -0.5016000
   0.5016000
  -0.1464000
  -0.5016000
  -1.0032000
   0.6464000
   1.0032000
   0.5016000
   0.6464000
  -0.5016000
   0.5016000
   0.6464000
   0.5016000
   1.0032000
   0.3536000
  -1.0032000
  -0.5016000
   0.3536000
   0.5016000
  -0.5016000
   0.3536000
   0.3333000
   0.6666000
   0.5540000
   0.6666000
   0.3333000
  -0.5540000
   0.6666000
   0.3333000
   1.0540000
   0.3333000
   0.6666000
  -0.0540000
   0.3333000
   0.6666000
   0.1421000
   0.6666000
   0.3333000
  -0.1421000
   0.6666000
   0.3333000
   0.6421000
   0.3333000
   0.6666000
   0.3579000
   0.3333000
   0.6666000
   0.2500000
   0.6666000
   0.3333000
   0.7500000
  DWF
 5
12
12
 4
 4
 2
   DWF-Koeffizienten
   0.0000000
   0.0000000
   0.0000000
   0.0000000
   0.0000000
   0.0000000
   0.0000000
   0.0000000
   0.0000000
   0.0000000
   0.0000000
   0.0000000
   0.0000000
   0.0000000
   0.0000000
   0.0000000
   0.0000000
   0.0000000
   0.0000000
   0.0000000
   0.0000000
   0.0000000
   0.0000000
   0.0000000
   0.0000000
   0.0000000
   0.0000000
   0.0000000
   0.0000000
   0.0000000
   0.0000000
   0.0000000
   0.0000000
   0.0000000
   0.0000000
   0.0000000
   0.0000000
   0.0000000
   0.0000000
   0.0000000
   0.0000000
   0.0000000
   0.0000000
   0.0000000
   0.0000000
  Atomstreufaktor
   4.1916000
   1.6396900
   1.5267300
 -20.3070000
  12.8573000
   4.1723600
  47.0179000
  -0.0140400
  21.9412000
  Abschirmkonstanten
   0.0000000
   0.0000000
   0.0000000
   0.0000000
   0.0000000
   0.0000000
   0.0000000
   0.0000000
