CAF2
   3.1800000
 2
  Elementarzelle
 90
 90
 90
   5.4620000
   5.4620000
   5.4620000
CA
 4
 20
 20
  40.0800000
  Absorptionskanten
   3.0703000
   0.0000000
  35.1300000
  35.4900000
   0.0000000
 525.0000000
   0.00000000
   0.00000000
   0.00000000
  Atomkoordinaten
   0.000   0.000   0.000
   0.500   0.500   0.000
   0.500   0.000   0.500
   0.000   0.500   0.500
  DWF
 1
 4
   DWF-Koeffizienten
   0.0000000
   0.0000000
   0.0000000
   0.0000000
   0.0000000
   0.0000000
   0.0000000
   0.0000000
   0.0000000
  Atomstreufaktor
  15.63480
   7.95180
   8.43720
   0.85370
  -0.00740
   0.60890
  10.31160
  25.99050
 -14.87500
  Abschirmkonstanten
   0.0000000
   0.0000000
   0.0000000
   0.0000000
   48.600000
   48.600000
   48.600000
   48.600000
F
 8
 9
 9
 18.9984
  Absorptionskanten
  18.32000000
   0.00000000
   0.00000000
   0.00000000
   0.00000000
   0.00000000
   0.00000000
   0.00000000
   0.00000000
  Atomkoordinaten
   0.250   0.250   0.250
   0.250   0.250   0.750
   0.250   0.750   0.250
   0.750   0.250   0.250
   0.750   0.750   0.250
   0.750   0.250   0.750
   0.250   0.750   0.750
   0.750   0.750   0.750
  DWF
 1
 8  
   DWF-Koeffizienten
   0.0000000
   0.0000000
   0.0000000
   0.0000000
   0.0000000
   0.0000000
   0.0000000
   0.0000000
   0.0000000
  Atomstreufaktor
   3.63220
   3.51057
   1.26064
   0.94071
   5.27756
  14.73530
   0.44226
  47.34370
   0.65339
  Abschirmkonstanten
   0.0000000
   0.0000000
   0.0000000
   0.0000000
   50.600000
   50.600000
   50.600000
   50.600000
