CR
   7.1900000
 1
  Elementarzelle
 90
 90
 90
   2.8839000
   2.8839000
   2.8839000
CR
 2
 24
 24
  52.0100000
  Absorptionskanten
   2.0702000
  16.7000000
  17.9000000
  20.7000000
   0.0000000
   0.0000000
   0.0000000
   0.0000000
   0.0000000
  Atomkoordinaten
   0.0000000
   0.0000000
   0.0000000
   0.5000000
   0.5000000
   0.5000000
  DWF
 2
 1
 1
   DWF-Koeffizienten
   0.0000000
   0.0000000
   0.0000000
   0.0000000
   0.0000000
   0.0000000
   0.0000000
   0.0000000
   0.0000000
   0.0000000
   0.0000000
   0.0000000
   0.0000000
   0.0000000
   0.0000000
   0.0000000
   0.0000000
   0.0000000
  Atomstreufaktor
  10.6406000
   7.3537000
   3.3240000
   1.4922000
   6.1038000
   0.3920000
  20.2626000
  98.7399000
   1.1832000
  Abschirmkonstanten
   0.6000000
   7.2600000
   4.1100000
  11.7900000
  12.7000000
  19.0000000
  14.5000000
   0.0000000
