COBALT
   8.8300000
 1
  Elementarzelle
 90
 90
120
   2.5070000
   2.5070000
   4.0700000
COBALT
 2
 27
 27
  58.9300000
  Absorptionskanten
   1.6082000
   0.0000000
  15.6180000
  15.9150000
   0.0000000
 202.0000000
 202.0000000
   0.0000000
   0.0000000
  Atomkoordinaten
   0.0000000
   0.0000000
   0.0000000
   0.5000000
   0.5000000
   0.5000000
  DWF
 1
 2
   DWF-Koeffizienten
   0.0000000
   0.0000000
   0.0000000
   0.0000000
   0.0000000
   0.0000000
   0.0000000
   0.0000000
   0.0000000
  Atomstreufaktor
  12.2841000
   7.3409000
   4.0034000
   2.3488000
   4.2791000
   0.2784000
  13.5359000
  71.1692000
   1.0118000
  Abschirmkonstanten
   0.7000000
   8.6000000
   4.1000000
  13.9000000
  13.9000000
  20.9000000
  15.0000000
   0.0000000
