CuO
   6.515
 2
  Elementarzelle
 90
 99.54
 90
   4.6837
   3.4226
   5.1288
Cu
 4
  29
  29
     63.5400000
  Absorptionskanten
   1.3805900
  11.2710000
  13.0140000
  13.2880000
 110.6000000
 159.5000000
 166.0000000
   0.0000000
   0.0000000
  Atomkoordinaten
   0.25
0.25
0
0.75
0.75
0
0.25
0.75
0.5
0.75
0.25
0.5
  DWF
 1
 4
   DWF-Koeffizienten
   0
0
0
0
0
0
0
0
0
Atomstreufaktor
  13.3380000
   7.1676000
   5.6158000
   1.6735000
   3.5828000
   0.2470000
  11.3966000
  64.8126000
   1.1910000
  Abschirmkonstanten
   0.6000000
   8.1600000
   4.1100000
  37.2000000
  14.5000000
  23.5000000
  16.0000000
   0.0000000

O
 4
  8
8
  15.9994
  Absorptionskanten
   23.305489
   523.14430
   1746.2704
   1746.2704
   0.0000000
   0.0000000
   0.0000000
   0.0000000
   0.0000000
  Atomkoordinaten
  0
0.4184
0.25
0.5
0.9184
0.25
0
-0.4184
0.75
0.5
0.0816
0.75
  DWF
 1
 4
   DWF-Koeffizienten
   0
0
0
0
0
0
0
0
0
  Atomstreufaktor
   3.04850
   2.28680
   1.54630
   0.867000
   13.2771
   5.70110
   0.323900
   32.9089
   0.250800
  Abschirmkonstanten
   0.0000000
   0.0000000
   0.0000000
   0.0000000
   0.0000000
   0.0000000
   0.0000000
   0.0000000
