Diamant
   3.5200000
 1
  Elementarzelle
 90
 90
 90
   3.5669900
   3.5669900
   3.5669900
C
 8
 6
 6
  12.0100000
 Absorptionskanten
  43.6800000
   0.0000000
   0.0000000
   0.0000000
   0.0000000
   0.0000000
   0.0000000
   0.0000000
   0.0000000
 Atomkoordinaten
   0.1250000
   0.1250000
   0.1250000
   0.1250000
   0.6250000
   0.6250000
   0.6250000
   0.1250000
   0.6250000
   0.6250000
   0.6250000
   0.1250000
   0.8750000
   0.8750000
   0.8750000
   0.8750000
   0.3750000
   0.3750000
   0.3750000
   0.8750000
   0.3750000
   0.3750000
   0.3750000
   0.8750000
 DWF
  1
  8
 DWF-Koeffizienten
   0.0005000
   0.0005000
   0.0005000
   0.0000000
   0.0000000
   0.0000000
   0.0000000
   0.0000000
   0.0000000
 Atomstreufaktor
   2.2606900
   1.5616500
   1.0507500
   0.8392590
  22.6907000
   0.6566650
   9.7561800
  55.5949000
   0.2869770
 Abschirmkonstanten
   0.3300000
   2.7800000
   2.8600000
   0.0000000
   0.0000000
   0.0000000
   0.0000000
   0.0000000
