Diamant
   3.5140000
 1
  Elementarzelle
 90
 90
 90
   3.56699000
   3.56699000
   3.56699000
C
 8
 6
 6
 12.01
 Absorptionskanten
  43.6800000
   0.0000000
   0.0000000
   0.0000000
   0.0000000
   0.0000000
   0.0000000
   0.0000000
   0.0000000
Atomkoordinaten
   0.3750000000
   0.3750000000
   0.3750000000
   0.6250000000
   0.625000000
   0.625000000
   0.875000000
   0.3750000000
   0.875000000
   0.125000000
   0.625000000
   0.1250000000
   0.87500000
   0.87500000
   0.37500000
   0.1250000
   0.1250000
   0.6250000
   0.37500000
   0.8750000
   0.87500000
   0.62500000
   0.12500000
   0.12500000
 DWF
  1
  8
 DWF-Koeffizienten
  0.0000
  0.0000
  0.0000
  0.0000
  0.0000
  0.0000
  0.0000
  0.0000
  0.0000
 Atomstreufaktor
    2.2606900
   1.5616500
   1.0507500
   0.8392590
  22.6907000
   0.6566650
   9.7561800
  55.5949000
   0.2869770
Abschirmkonstanten
   0.3300000
   2.7800000
   2.8600000
   0.0000000
   0.0000000
   0.0000000
   0.0000000
   0.0000000
NIM B, 94 (1994), 306-318