Fe3O4
   5.1
 3
  Elementarzelle
 90
 90
 90
   8.35500000
   8.35500000 
   8.35500000 
Fe
 8
26
26
 55.8500000
 Absorptionskanten
   1.74330000
  14.6796000
  17.2220000
  17.5420000
 135.799000
 235.26000000
   0.00000000
   0.00000000
   0.00000000
  Atomkoordinaten
   0.125   
   0.125
   0.125
   0.875
   0.375
   0.375
   0.125
   0.625
   0.625
   0.875
   0.875
   0.875
   0.875
   0.125
   0.875
   0.375
   0.375
   0.875
   0.625
   0.625
   0.125
   0.375
   0.875
   0.375   
  DWF
 1
 8
   DWF-Koeffizienten
   0.00
   0.00
   0.00
   0.0000000
   0.0000000
   0.0000000
   0.0000000
   0.0000000
   0.0000000
  Atomstreufaktor
  11.0424000
   7.3740000
   4.1346000
   0.4399000
   4.6538000
   0.3053000
  12.054600
  31.280900
   1.009700
  Abschirmkonstanten
   0.0000000
   0.0000000
   0.0000000
   0.0000000
   0.0000000
   0.0000000
   0.0000000
   0.0000000
Fe
16
26
26
  55.8500000
  Absorptionskanten
   1.74330000
  14.6796000
  17.2220000
  17.5420000
 135.799000
 235.26000000
   0.00000000
   0.00000000
   0.00000000
  Atomkoordinaten
   0.5
   0.5 
   0.5
   0.5
   0.0
   0.0
   0.0
   0.5
   0.0
   0.0
   0.0
   0.5
   0.25
   0.75
   0.0
   0.25
   0.25
   0.5
   0.75
   0.75
   0.5
   0.75
   0.25
   0.0
   0.75
   0.0
   0.25
   0.75
   0.5
   0.75
   0.25
   0.0
   0.75
   0.25
   0.5
   0.25
   0.0
   0.25
   0.75
   0.0
   0.75
   0.25
   0.5
   0.25
   0.25
   0.5
   0.75
   0.75
DWF
 1
16
   DWF-Koeffizienten
   0.00
   0.00
   0.00
   0.0000000
   0.0000000
   0.0000000
   0.0000000
   0.0000000
   0.0000000
  Atomstreufaktor
  11.1764000
   7.3863000
   3.3948000
   0.0724000
   4.6147000
   0.3005000
  11.672900
  38.556600
   0.970700
  Abschirmkonstanten
   0.0000000
   0.0000000
   0.0000000
   0.0000000
   0.0000000
   0.0000000
   0.0000000
   0.0000000
O
32
 8
 8
  15.9990000
  Absorptionskanten
  23.3670000
   0.0000000
   0.0000000
   0.0000000
   0.0000000
   0.0000000
   0.0000000
   0.0000000
   0.0000000
  Atomkoordinaten
   0.2547
   0.2547
   0.2547
   0.2547
   0.7547
   0.7547
   0.7547
   0.2547
   0.7547
   0.7547
   0.7547
   0.2547
   0.0047
  -0.0047
   0.7547
   0.0047
   0.4953
   0.2547
   0.5047
  -0.0047
   0.2547
   0.5047
   0.4953
   0.7547    
   0.5047
   0.7547
   0.4953
   0.5047
   0.2547
  -0.0047
   0.0047
   0.7547
   0.9953
   0.0047
   0.2547
   0.4953  
   0.7547
   0.4953
  -0.0047
   0.7547
   0.9953
   0.4953
   0.2547
   0.4953
   0.4953
   0.2547
   0.9953
  -0.0047
   0.0047
   0.5047
   0.2453
   0.0047
   0.0047
  -0.2547
   0.5047
   0.5047
  -0.2547
   0.5047
   0.0047
   0.2453
  -0.2547
  -0.2547
  -0.2547
  -0.2547
   0.2453
   0.2453
   0.2453
  -0.2547
   0.2453
   0.2453
   0.2453
  -0.2547 
   0.5047
   0.2453
   0.0047
   0.5047
   0.7453
   0.5047
   0.0047
   0.2453
   0.5047
   0.0047
   0.7453
   0.0047
   0.2453
   0.0047
   0.5047
   0.2453
   0.5047
   0.0047
  -0.2547
   0.0047
   0.0047
  -0.2547
   0.5047
   0.5047  	
 DWF
 1
 32
  DWF-Koeffizienten
   0.00000000
   0.00000000
   0.00000000
   0.00000000
   0.00000000
   0.00000000
   0.00000000
   0.00000000
   0.00000000
  Atomstreufaktor
   3.04850
   2.28680
   1.54630
   0.867000
  13.2771
   5.70110
   0.323900
  32.9089
   0.250800
  Abschirmkonstanten
   0.0000000
   0.0000000
   0.0000000
   0.0000000
   0.0000000
   0.0000000
   0.0000000
   0.0000000