GAAS
   5.3165
 2
  Elementarzelle
 90
 90
 90
   5.65325000
   5.65325000 
   5.65325000 
GA
 4
 31
 31
  69.7200000
  Absorptionskanten
   1.19580000
   9.51700000
  10.8280000
  11.1000000
   0.0000000
   0.00000000
   0.00000000
   0.00000000
   0.00000000
  Atomkoordinaten
   0.125   0.125   0.125
   0.625   0.625   0.125
   0.125   0.625   0.625
   0.625   0.125   0.625
  DWF
 1
 4
   DWF-Koeffizienten
   0.00327
   0.00327
   0.00327
   0.0000000
   0.0000000
   0.0000000
   0.0000000
   0.0000000
   0.0000000
  Atomstreufaktor
  15.2354000
   6.7006000
   4.3591000
   2.9623000
   3.0669000
   0.2412000
  10.780500
  61.413500
    1.718900
  Abschirmkonstanten
   0.0000000
   0.0000000
   0.0000000
   0.0000000
   0.0000000
   0.0000000
   0.0000000
   0.0000000
AS
 4
 33
 33
 74.9216000
  Absorptionskanten
   1.04500000
   8.10700000
   9.12700000
   9.36700000
   0.00000000
   0.00000000
   0.00000000
   0.00000000
   0.00000000
  Atomkoordinaten
   0.375   0.375   0.375
   0.875   0.875   0.375
   0.875   0.375   0.875
   0.375   0.875   0.875
  DWF
 1
 4
   DWF-Koeffizienten
   0.0032700
   0.0032700
   0.0032700
   0.0000000
   0.0000000
   0.0000000
   0.0000000
   0.0000000
   0.0000000
  Atomstreufaktor
  16.6723000
   6.0701200
   3.4313000
   4.2779000
   2.6345000
   0.2647000
  12.9479000
  47.7972000
   2.5310000
  Abschirmkonstanten
   0.0000000
   0.0000000
   0.0000000
   0.0000000
   0.0000000
   0.0000000
   0.0000000
   0.0000000
OW 6/04, DWF aus Vetelino, J.F., 
Physical Review B, 5 (1972) 2360