GAAS
   5.3176000
 2
  Elementarzelle
 90
 90
 90
   5.6533000
   5.6533000
   5.6533000
Ga
 4
 31
 31
  69.7200000
  Absorptionskanten
   1.19594000
   9.54318000
  10.84520000
  11.10560000
  77.7238000
 119.76900000
 119.76900000
 662.31300000
 662.31300000
  Atomkoordinaten
   0.12500000
   0.12500000
   0.12500000
   0.62500000
   0.62500000
   0.12500000
   0.12500000
   0.62500000
   0.62500000
   0.62500000
   0.12500000
   0.62500000
  DWF
 1
 4
   DWF-Koeffizienten
   0.0000000
   0.0000000
   0.0000000
   0.0000000
   0.0000000
   0.0000000
   0.0000000
   0.0000000
   0.0000000
  Atomstreufaktor
  15.2354000
   6.7006000
   4.3591000
   2.9623000
   3.0669000
   0.2412000
   10.780500
   61.413500
   1.718900
  Abschirmkonstanten
   0.0000000
   0.0000000
   0.0000000
   0.0000000
   48.600000
   48.600000
   48.600000
   48.600000
As
 4
 33
 33
 74.92160000
  Absorptionskanten
   1.04477000
   8.11845000
   9.12245000
   9.36711000
   0.00000000
   0.00000000
   0.00000000
   0.00000000
   0.00000000
  Atomkoordinaten
   0.37500000
   0.37500000
   0.37500000
   0.87500000
   0.87500000
   0.37500000
   0.87500000
   0.37500000
   0.87500000
   0.37500000
   0.87500000
   0.87500000
  DWF
 1
 4
   DWF-Koeffizienten
   0.0000000
   0.0000000
   0.0000000
   0.0000000
   0.0000000
   0.0000000
   0.0000000
   0.0000000
   0.0000000
  Atomstreufaktor
  16.6723000
   6.0701000
   3.4313000
   4.2779000
   2.6345000
   0.2647000
  12.9479000
  47.7972000
   2.5310000
  Abschirmkonstanten
   0.0000000
   0.0000000
   0.0000000
   0.0000000
   50.600000
   50.600000
   50.600000
   50.600000
