Germanium
   5.3230000
 1
  Elementarzelle
 90
 90
 90
   5.6574800
   5.6574800
   5.6574800
Ge
 8
32
32
  72.5900000
  Absorptionskanten
   1.1165800
   8.7730000
   9.9240000
  10.1870000
   0.0000000
   0.0000000
   0.0000000
   0.0000000
   0.0000000
  Atomkoordinaten
   0.1250000
   0.1250000
   0.1250000
   0.1250000
   0.6250000
   0.6250000
   0.6250000
   0.1250000
   0.6250000
   0.6250000
   0.6250000
   0.1250000
   0.8750000
   0.8750000
   0.8750000
   0.8750000
   0.3750000
   0.3750000
   0.3750000
   0.8750000
   0.3750000
   0.3750000
   0.3750000
   0.8750000
  DWF
 1
 8
   DWF-Koeffizienten
   0.0093700
   0.0093700
   0.0093700
   0.0000000
   0.0000000
   0.0000000
   0.0000000
   0.0000000
   0.0000000
  Atomstreufaktor
  16.0816000
   6.3747000
   3.7068000
   3.6830000
   2.8509000
   0.2516000
  11.4468000
  54.7625000
   2.1313000
  Abschirmkonstanten
   0.7100000
   8.6400000
   3.9200000
  14.2100000
  14.9900000
  23.9600000
  15.7500000
  25.2200000
