GLIMMER
   2.8380000
 5
  Elementarzelle
 90
 96
 90
   5.1906000
   9.0080000
  20.0470000
Al
 8
13
13
  26.9800000
  Absorptionskanten
   7.9600000
 290.0000000
 171.4000000
 171.4000000
   0.0000000
   0.0000000
   0.0000000
   0.0000000
   0.0000000
  Atomkoordinaten
   0.2496000
   0.0834000
   0.0001000
  -0.2496000
  -0.0834000
  -0.0001000
  -0.2496000
   0.0834000
   0.4999000
   0.2496000
  -0.0834000
   0.5001000
   0.7496000
   0.5834000
   0.0001000
  -0.7496000
  -0.5834000
  -0.0001000
  -0.7496000
   0.5834000
   0.4999000
   0.7496000
  -0.5834000
   0.5001000
  DWF
 1
 8
   DWF-Koeffizienten
   0.0044000
   0.0009000
   0.0003700
  -0.0000300
   0.0002000
   0.0001400
  -0.0000300
   0.0002000
   0.0001400
  Atomstreufaktor
   6.4202000
   1.9002000
   1.5936000
   1.9646000
   3.0387000
   0.7426000
  31.5472000
  85.0886000
   1.1151000
  Abschirmkonstanten
   0.3000000
   5.0000000
   4.0000000
   8.5000000
   0.0000000
   0.0000000
   0.0000000
   0.0000000
O
40
 8
 8
  15.9994000
  Absorptionskanten
  23.3200000
  10.0000000
   0.0000000
   0.0000000
   0.0000000
   0.0000000
   0.0000000
   0.0000000
   0.0000000
  Atomkoordinaten
   0.9613000
   0.4435000
   0.0540000
  -0.9613000
  -0.4435000
  -0.0540000
  -0.9613000
   0.4435000
   0.4460000
   0.9613000
  -0.4435000
   0.5540000
   1.4613000
   0.9435000
   0.0540000
  -1.4613000
  -0.9435000
  -0.0540000
  -1.4613000
   0.9435000
   0.4460000
   1.4613000
  -0.9435000
   0.5540000
   0.3850000
   0.2519000
   0.0537000
  -0.3850000
  -0.2519000
  -0.0537000
  -0.3850000
   0.2519000
   0.4470000
   0.3850000
  -0.2519000
   0.5537000
   0.8850000
   0.7519000
   0.0537000
  -0.8850000
  -0.7519000
  -0.0537000
  -0.8850000
   0.7519000
   0.4470000
   0.8850000
  -0.7519000
   0.5537000
   0.4174000
   0.0930000
   0.1685000
  -0.4174000
  -0.0930000
  -0.1685000
  -0.4174000
   0.0930000
   0.3315000
   0.4174000
  -0.0930000
   0.6685000
   0.9174000
   0.5930000
   0.1685000
  -0.9174000
  -0.5930000
  -0.1685000
  -0.9174000
   0.5930000
   0.3315000
   0.9174000
  -0.5930000
   0.6685000
   0.7513000
   0.3110000
   0.1575000
  -0.7513000
  -0.3110000
  -0.1575000
  -0.7513000
   0.3110000
   0.3425000
   0.7513000
  -0.3110000
   0.6575000
   0.2513000
   0.8110000
   0.1575000
  -0.2513000
  -0.8110000
  -0.1575000
  -0.2513000
   0.8110000
   0.3425000
   0.2513000
  -0.8110000
   0.6575000
   0.2522000
   0.3705000
   0.1689000
  -0.2522000
  -0.3705000
  -0.1689000
  -0.2522000
   0.3705000
   0.3311000
   0.2522000
  -0.3705000
   0.6689000
   0.7522000
   0.8705000
   0.1689000
  -0.7522000
  -0.8705000
  -0.1689000
  -0.7522000
   0.8705000
   0.3311000
   0.7522000
  -0.8705000
   0.6689000
  DWF
 5
 8
 8
 8
 8
 8
   DWF-Koeffizienten
   0.0060000
   0.0027000
   0.0006000
   0.0004000
   0.0001000
   0.0003000
   0.0004000
   0.0001000
   0.0003000
   0.0070000
   0.0020000
   0.0006000
   0.0002000
   0.0001000
   0.0000000
   0.0002000
   0.0001000
   0.0000000
   0.0120000
   0.0031000
   0.0007000
   0.0006000
   0.0005000
   0.0000000
   0.0006000
   0.0005000
   0.0000000
   0.0130000
   0.0049000
   0.0007000
   0.0010000
   0.0008000
   0.0003000
   0.0010000
   0.0008000
   0.0003000
   0.0130000
   0.0034000
   0.0006000
   0.0004000
  -0.0002000
  -0.0005000
   0.0004000
  -0.0002000
  -0.0005000
  Atomstreufaktor
   3.0485000
   2.2868000
   1.5463000
   0.8670000
  13.2771000
   5.7011000
   0.3239000
  32.9089000
   0.2508000
  Abschirmkonstanten
   0.4000000
   2.0000000
   2.0000000
   0.0000000
   0.0000000
   0.0000000
   0.0000000
   0.0000000
K
 4
19
19
  39.1020000
  Absorptionskanten
   3.4413000
   0.0000000
  42.1000000
  42.1000000
   0.0000000
   0.0000000
   0.0000000
   0.0000000
   0.0000000
  Atomkoordinaten
   0.0000000
   0.0985000
   0.2500000
  -0.0000000
  -0.0985000
  -0.2500000
   0.5000000
   0.5985000
   0.2500000
  -0.5000000
  -0.5985000
  -0.2500000
  DWF
 1
 4
   DWF-Koeffizienten
   0.0161000
   0.0050000
   0.0009000
   0.0000000
   0.0004000
   0.0000000
   0.0000000
   0.0004000
   0.0000000
  Atomstreufaktor
   8.2186000
   7.4398000
   1.0519000
   0.8659000
  12.7949000
   0.7748000
 213.1870000
  41.6841000
   1.4228000
  Abschirmkonstanten
   0.4000000
   6.0000000
   4.0000000
  10.0000000
  11.5000000
  15.0000000
   0.0000000
   0.0000000
O
 8
 8
 9
  16.0000000
  Absorptionskanten
  23.3200000
  10.0000000
   0.0000000
   0.0000000
   0.0000000
   0.0000000
   0.0000000
   0.0000000
   0.0000000
  Atomkoordinaten
   0.9564000
   0.0630000
   0.0505000
  -0.9564000
  -0.0630000
  -0.0505000
  -0.9564000
   0.0630000
   0.4495000
   0.9564000
  -0.0630000
   0.5505000
   0.4564000
   0.5630000
   0.0505000
  -0.4564000
  -0.5630000
  -0.0505000
  -0.4564000
   0.5630000
   0.4495000
   0.4564000
  -0.5630000
   0.5505000
  DWF
 1
 8
   DWF-Koeffizienten
   0.0080000
   0.0020000
   0.0004000
   0.0002000
  -0.0002000
  -0.0003000
   0.0002000
  -0.0002000
  -0.0003000
  Atomstreufaktor
   3.0485000
   2.2868000
   1.5463000
   0.8670000
  13.2771000
   5.7011000
   0.3239000
  32.9089000
   0.2508000
  Abschirmkonstanten
   0.4000000
   2.0000000
   2.0000000
   0.0000000
   0.0000000
   0.0000000
   0.0000000
   0.0000000
Si
16
14
14
  28.0860000
  Absorptionskanten
   6.7500000
   0.0000000
 135.5000000
 135.5000000
   0.0000000
   0.0000000
   0.0000000
   0.0000000
   0.0000000
  Atomkoordinaten
   0.9648000
   0.4295000
   0.1355000
  -0.9648000
  -0.4295000
  -0.1355000
  -0.9648000
   0.4295000
   0.3645000
   0.9648000
  -0.4295000
   0.6355000
   1.4648000
   0.9295000
   0.1355000
  -1.4648000
  -0.9295000
  -0.1355000
  -1.4648000
   0.9295000
   0.3645000
   1.4648000
  -0.9295000
   0.6355000
   0.4510000
   0.2584000
   0.1355000
  -0.4510000
  -0.2584000
  -0.1355000
  -0.4510000
   0.2584000
   0.3650000
   0.4510000
  -0.2584000
   0.6355000
   0.9510000
   0.7584000
   0.1355000
  -0.9510000
  -0.7584000
  -0.1355000
  -0.9510000
   0.7584000
   0.3650000
   0.9510000
  -0.7584000
   0.6355000
  DWF
 2
 8
 8
   DWF-Koeffizienten
   0.0047000
   0.0015000
   0.0003700
   0.0002000
   0.0001000
   0.0000000
   0.0002000
   0.0001000
   0.0000000
   0.0049000
   0.0015000
   0.0004100
  -0.0001000
   0.0002000
   0.0000000
  -0.0001000
   0.0002000
   0.0000000
  Atomstreufaktor
   6.2915000
   3.0353000
   1.9891000
   1.5410000
   2.4386000
  32.3337000
   0.6785000
  81.6937000
   1.1407000
  Abschirmkonstanten
   0.3500000
   5.0000000
   4.0000000
   0.0000000
   0.0000000
   0.0000000
   0.0000000
   0.0000000