AU
  19.2800000
 1
  Elementarzelle
 90
 90
 90
   4.0782000
   4.0782000
   4.0782000
AU
 4
 79
 79
 197.0000000
  Absorptionskanten
   0.1535930
   0.8637600
   0.9028000
   1.0402000
   3.6160000
   3.9360000
   4.5180000
   5.3740000
   5.5840000
  Atomkoordinaten
   0.0000000
   0.0000000
   0.0000000
   0.5000000
   0.5000000
   0.0000000
   0.5000000
   0.0000000
   0.5000000
   0.0000000
   0.5000000
   0.5000000
  DWF
 1
 4
   DWF-Koeffizienten
   0.0000000
   0.0000000
   0.0000000
   0.0000000
   0.0000000
   0.0000000
   0.0000000
   0.0000000
   0.0000000
  Atomstreufaktor
  16.8819000
  18.5913000
  25.5582000
   5.8600000
   0.4611000
   8.6216000
   1.4826000
  36.3956000
  12.0658000
  Abschirmkonstanten
   1.6870000
  20.9600000
   4.6400000
  23.1900000
  22.3500000
  34.3700000
  13.4900000
  35.4200000
