INAS
   5.6670000
 2
  Elementarzelle
 90
 90
 90
   6.0583000
   6.0583000
   6.0583000
INDIUM
 4
 49
 49
 114.8200000
  Absorptionskanten
   0.44371000
   2.92600000
   3.14730000
   3.32370000
   5.0000000
   5.10000000
   5.20000000
   5.30000000
   5.40000000
  Atomkoordinaten
   0.12500000
   0.12500000
   0.12500000
   0.62500000
   0.62500000
   0.12500000
   0.12500000
   0.62500000
   0.62500000
   0.62500000
   0.12500000
   0.62500000
  DWF
 1
 4
   DWF-Koeffizienten
   0.0000000
   0.0000000
   0.0000000
   0.0000000
   0.0000000
   0.0000000
   0.0000000
   0.0000000
   0.0000000
  Atomstreufaktor
  19.1624000
  18.5596000
   4.2948000
   2.0396000
   0.5476000
   6.3776000
   25.849900
   92.802900
   4.939100
  Abschirmkonstanten
   0.0000000
   0.0000000
   0.0000000
   0.0000000
   48.600000
   48.600000
   48.600000
   48.600000
ARSENIC
 4
 33
 33
 74.92160000
  Absorptionskanten
   1.04477000
   8.11845000
   9.12245000
   9.36711000
   0.00000000
   0.00000000
   0.00000000
   0.00000000
   0.00000000
  Atomkoordinaten
   0.37500000
   0.37500000
   0.37500000
   0.87500000
   0.87500000
   0.37500000
   0.87500000
   0.37500000
   0.87500000
   0.37500000
   0.87500000
   0.87500000
  DWF
 1
 4
   DWF-Koeffizienten
   0.0000000
   0.0000000
   0.0000000
   0.0000000
   0.0000000
   0.0000000
   0.0000000
   0.0000000
   0.0000000
  Atomstreufaktor
  16.6723000
   6.0701000
   3.4313000
   4.2779000
   2.6345000
   0.2647000
  12.9479000
  47.7972000
   2.5310000
  Abschirmkonstanten
   0.0000000
   0.0000000
   0.0000000
   0.0000000
   50.600000
   50.600000
   50.600000
   50.600000
