INP
   4.8100000
 2
  Elementarzelle
 90
 90
 90
   5.8687000
   5.8687000
   5.8687000
INDIUM
 4
 49
 49
 114.8200000
  Absorptionskanten
   0.44371000
   2.92600000
   3.14730000
   3.32370000
   5.0000000
   5.10000000
   5.20000000
   5.30000000
   5.40000000
  Atomkoordinaten
   0.12500000
   0.12500000
   0.12500000
   0.62500000
   0.62500000
   0.12500000
   0.12500000
   0.62500000
   0.62500000
   0.62500000
   0.12500000
   0.62500000
  DWF
 1
 4
   DWF-Koeffizienten
   0.0000000
   0.0000000
   0.0000000
   0.0000000
   0.0000000
   0.0000000
   0.0000000
   0.0000000
   0.0000000
  Atomstreufaktor
  19.1624000
  18.5596000
   4.2948000
   2.0396000
   0.5476000
   6.3776000
   25.849900
   92.802900
   4.939100
  Abschirmkonstanten
   0.0000000
   0.0000000
   0.0000000
   0.0000000
   48.600000
   48.600000
   48.600000
   48.600000
PHOSPHOR
 4
 15
 15
 121.7500000
  Absorptionskanten
   5.76889000
   65.5312000
   91.0316000
   91.7948800
   0.00000000
   0.00000000
   0.00000000
   0.00000000
   0.00000000
  Atomkoordinaten
   0.37500000
   0.37500000
   0.37500000
   0.87500000
   0.87500000
   0.37500000
   0.87500000
   0.37500000
   0.87500000
   0.37500000
   0.87500000
   0.87500000
  DWF
 1
 4
   DWF-Koeffizienten
   0.0000000
   0.0000000
   0.0000000
   0.0000000
   0.0000000
   0.0000000
   0.0000000
   0.0000000
   0.0000000
  Atomstreufaktor
   6.4345000
   4.1791000
   1.7800000
   1.4908000
   1.9067000
  27.1570000
   0.5260000
  68.1645000
   1.1149000
  Abschirmkonstanten
   0.0000000
   0.0000000
   0.0000000
   0.0000000
   50.600000
   50.600000
   50.600000
   50.600000
