INSB
   5.7700000
 2
  Elementarzelle
 90
 90
 90
   6.4803000
   6.4803000
   6.4803000
IN
 4
 49
 49
 114.8200000
  Absorptionskanten
   0.44371000
   2.92600000
   3.14730000
   3.32370000
   5.0000000
   5.10000000
   5.20000000
   5.30000000
   5.40000000
  Atomkoordinaten
   0.12500000
   0.12500000
   0.12500000
   0.62500000
   0.62500000
   0.12500000
   0.12500000
   0.62500000
   0.62500000
   0.62500000
   0.12500000
   0.62500000
  DWF
 1
 4
   DWF-Koeffizienten
   0.0000000
   0.0000000
   0.0000000
   0.0000000
   0.0000000
   0.0000000
   0.0000000
   0.0000000
   0.0000000
  Atomstreufaktor
  19.1624000
  18.5596000
   4.2948000
   2.0396000
   0.5476000
   6.3776000
   25.849900
   92.802900
   4.939100
  Abschirmkonstanten
   0.0000000
   0.0000000
   0.0000000
   0.0000000
   48.600000
   48.600000
   48.600000
   48.600000
SB
 4
 51
 51
 121.7500000
  Absorptionskanten
   0.40668000
   2.63880000
   2.82940000
   3.00030000
   6.00000000
   6.10000000
   6.20000000
   6.30000000
   6.40000000
  Atomkoordinaten
   0.37500000
   0.37500000
   0.37500000
   0.87500000
   0.87500000
   0.37500000
   0.87500000
   0.37500000
   0.87500000
   0.37500000
   0.87500000
   0.87500000
  DWF
 1
 4
   DWF-Koeffizienten
   0.0000000
   0.0000000
   0.0000000
   0.0000000
   0.0000000
   0.0000000
   0.0000000
   0.0000000
   0.0000000
  Atomstreufaktor
  19.6418000
  19.0455000
   5.0371000
   2.6827000
   5.3034000
   0.4607000
  27.9074000
  75.2825000
   4.5909000
  Abschirmkonstanten
   0.0000000
   0.0000000
   0.0000000
   0.0000000
   50.600000
   50.600000
   50.600000
   50.600000

