KAP
   1.6360000
 4
  Elementarzelle
 90
 90
 90
   9.6100000
  13.3150000
   6.4700000
K
 4
19
18
  39.1000000
  Absorptionskanten
   3.4365000
   0.0000000
  42.1000000
  42.1000000
   0.0000000
   0.0000000
   0.0000000
   0.0000000
   0.0000000
  Atomkoordinaten
   0.0989800
   0.0387800
   0.2500000
  -0.0989800
  -0.0387800
   0.7500000
   0.4010200
   0.0387800
   0.7500000
   0.5989800
  -0.0387800
   0.2500000
  DWF
 1
 4
   DWF-Koeffizienten
   0.0129330
   0.0079960
   0.0043560
  -0.0004680
   0.0002255
  -0.0020915
  -0.0004680
   0.0002255
  -0.0020915
  Atomstreufaktor
   7.9578000
   7.4917000
   6.3590000
   1.1915000
  12.6331000
   0.7674000
  -0.0020000
  31.9128000
  -4.9978000
  Abschirmkonstanten
   0.5100000
   5.9900000
   3.9700000
  10.3200000
  11.2700000
  15.5000000
   0.0000000
   0.0000000
C
32
 6
 6
  12.0100000
  Absorptionskanten
  43.6800000
   0.0000000
   0.0000000
   0.0000000
   0.0000000
   0.0000000
   0.0000000
   0.0000000
   0.0000000
  Atomkoordinaten
  -0.1778000
   0.2176100
   0.0056100
   0.1778000
  -0.2176100
   0.5056100
   0.6778000
   0.2176000
   0.5056100
   0.3222000
  -0.2176100 
   0.0056100
   0.0688700
   0.1568500
  -0.2384200
  -0.0688700
  -0.1568500
   0.2615800
   0.4311300
   0.1568500
   0.2615800
   0.5688700
  -0.1568500
  -0.2384200
  -0.0592100
   0.2893700
  -0.0251900
   0.0592100
  -0.2893700
   0.4748100
   0.5592100
   0.2893700
   0.4748100
   0.4407900
  -0.2893700
  -0.0251900
  -0.0636700
   0.3846600
   0.0626300
   0.0636700
  -0.3846600
   0.5626300
   0.5636700
   0.3846600
   0.5626300
   0.4363300
  -0.3846600
   0.0626300
   0.1628000
   0.4205800
  -0.0735000
  -0.1628000
  -0.4205800
   0.4265000
   0.3372000
   0.4205800
   0.4265000
   0.6628000
  -0.4205800
  -0.0735000
   0.1692800
   0.3251300
  -0.1580500
  -0.1692800
  -0.3251300
   0.3419500
   0.3307200
   0.3251300
   0.3419500
   0.6692800
  -0.3251300
  -0.1580500
   0.0579900
   0.2584100
  -0.1358800
  -0.0579900
  -0.2584100
   0.3641200
   0.4420100
   0.2584100
   0.3641200
   0.5579900
  -0.2584100
  -0.1358800
   0.0473100
   0.4505000
   0.0382400
  -0.0473100
  -0.4505000
   0.5382400
   0.4526900
   0.4505000
   0.5382400
   0.5473100
  -0.4505000
   0.0382400
  DWF
 8
 4
 4
 4
 4
 4
 4
 4
 4
   DWF-Koeffizienten
   0.0119390
   0.0073620
   0.0033570
   0.0042510
  -0.0014770
  -0.0003770
   0.0000000
   0.0000000
   0.0000000
   0.0107410
   0.0046130
   0.0033590
   0.0026030
  -0.0004180
  -0.0000180
   0.0000000
   0.0000000
   0.0000000
   0.0106350
   0.0057410
   0.0030460
   0.0009570
   0.0004510
   0.0006850
   0.0000000
   0.0000000
   0.0000000
   0.0160470
   0.0089740
   0.0032160
   0.0015900
  -0.0016390
   0.0006660
   0.0000000
   0.0000000
   0.0000000
   0.0164650
   0.0112210
   0.0034150
  -0.0023450
  -0.0013480
  -0.0021470
   0.0000000
   0.0000000
   0.0000000
   0.0147910
   0.0097390
   0.0040160
  -0.0029710
   0.0019620
  -0.0040540
   0.0000000
   0.0000000
   0.0000000
   0.0135290
   0.0063840
   0.0043890
   0.0001570
   0.0016840
  -0.0019140
   0.0000000
   0.0000000
   0.0000000
   0.0094040
   0.0058210
   0.0029600
  -0.0007250
   0.0005000
   0.0000560
   0.0000000
   0.0000000
   0.0000000
  Atomstreufaktor
   2.2606900
   1.5616500
   1.0507500
   0.8392590
  22.6907000
   0.6566650
   9.7561800
  55.5949000
   0.2869770
  Abschirmkonstanten
   0.3300000
   2.7800000
   2.8600000
   0.0000000
   0.0000000
   0.0000000
   0.0000000
   0.0000000
O
16
 8
 8
  15.9990000
  Absorptionskanten
  23.3200000
   0.0000000
   0.0000000
   0.0000000
   0.0000000
   0.0000000
   0.0000000
   0.0000000
   0.0000000
  Atomkoordinaten
  -0.2983100
   0.2625800
   0.0787100
   0.2983100
  -0.2625800
   0.5787100
   0.7983100
   0.2625800
   0.5787100
   0.2016900
  -0.2625800
   0.0787100
  -0.1610900
   0.1273200
   0.0174800
   0.1610900
  -0.1273200
   0.5174800
   0.6610900
   0.1273200
   0.5174800
   0.3389100
  -0.1273200
   0.0174800
   0.1452200
   0.0931400
  -0.1586100
  -0.1452200
  -0.0931400
   0.3413900
   0.3547800
   0.0931400
   0.3413900
   0.6452200
  -0.0931400
  -0.1586100
   0.0000600
   0.1440100
  -0.4038500
  -0.0000600
  -0.1440100
   0.0961500
   0.4999400
   0.1440100
   0.0961500
   0.5000600
  -0.1440100
  -0.4038500
  DWF
 4
 4
 4
 4
 4
   DWF-Koeffizienten
   0.0204790
   0.0058800
   0.0040360
   0.0053910
   0.0023620
   0.0009720
   0.0000000
   0.0000000
   0.0000000
   0.0247500
   0.0084230
   0.0032080
   0.0074430
  -0.0003460
  -0.0004490
   0.0000000
   0.0000000
   0.0000000
   0.0183510
   0.0072030
   0.0039510
  -0.0001700
   0.0016740
   0.0029030
   0.0000000
   0.0000000
   0.0000000
   0.0120180
   0.0070090
   0.0039290
  -0.0027990
  -0.0025050
   0.0011010
   0.0000000
   0.0000000
   0.0000000
  Atomstreufaktor
   4.1916000
   1.6396900
   1.5267300
 -20.3070000
  12.8573000
   4.1723600
  47.0179000
  -0.0140400
  21.9412000
  Abschirmkonstanten
   0.3400000
   3.5100000
   3.5500000
   0.0000000
   0.0000000
   0.0000000
   0.0000000
   0.0000000
H
20
 1
 1
   1.0080000
  Absorptionskanten
1000.0000000
   0.0000000
   0.0000000
   0.0000000
   0.0000000
   0.0000000
   0.0000000
   0.0000000
   0.0000000
  Atomkoordinaten
  -0.3800000
   0.2350000
   0.0380000
   0.3800000
  -0.2350000
   0.5380000
   0.8800000
   0.2350000
   0.5380000
   0.1200000
  -0.2350000
   0.0380000
  -0.1460000
   0.4000000
   0.1400000
   0.1460000
  -0.4000000
   0.6400000
   0.6460000
   0.4000000
   0.6400000
   0.3540000
  -0.4000000
   0.1400000
   0.0480000
   0.5210000
   0.0960000
  -0.0480000
  -0.5210000
   0.5960000
   0.4520000
   0.5210000
   0.5960000
   0.5480000
  -0.5210000
   0.0960000
   0.2370000
   0.4640000
  -0.0910000
  -0.2370000
  -0.4640000
   0.4090000
   0.2630000
   0.4640000
   0.4090000
   0.7370000
  -0.4640000
  -0.0910000
   0.2520000
   0.3040000
  -0.2310000
  -0.2520000
  -0.3040000
   0.2690000
   0.2480000
   0.3040000
   0.2690000
   0.7520000
  -0.3040000
  -0.2310000
  DWF
 5
 4
 4
 4
 4
 4
   DWF-Koeffizienten
   0.0452680
   0.0205190
   0.0107770
   0.0000000
   0.0000000
   0.0000000
   0.0000000
   0.0000000
   0.0000000
   0.0207480
   0.0094045
   0.0049390
   0.0000000
   0.0000000
   0.0000000
   0.0000000
   0.0000000
   0.0000000
   0.0471540
   0.0213740
   0.0112260
   0.0000000
   0.0000000
   0.0000000
   0.0000000
   0.0000000
   0.0000000
   0.0150890
   0.0068390
   0.0035920
   0.0000000
   0.0000000
   0.0000000
   0.0000000
   0.0000000
   0.0000000
   0.0226340
   0.0102590
   0.0053890
   0.0000000
   0.0000000
   0.0000000
   0.0000000
   0.0000000
   0.0000000
  Atomstreufaktor
   0.4899180
   0.2620030
   0.1967670
   0.0498790
  20.6593000
   7.7403900
  49.5519000
   2.2015900
   0.0013050
  Abschirmkonstanten
   0.0000000
   0.0000000
   0.0000000
   0.0000000
   0.0000000
   0.0000000
   0.0000000
   0.0000000
------------------------------
R.A.Smith - Acta.Cryst. B31 (75) 1773 
  -> richtigere c-Gitterkonstante als Landolt-B”rnstein (c=13.85 Angstroem)