KAP
   1.6360000
 4
  Elementarzelle
 90.0      
 90.0      
 90.0     
  9.610000 
 13.315000 
  6.470000  
K  
4 
19
18
39.1000000
Absorptionskanten
   3.6084
   3.786
  297.3
  294.6
   34.8
   18.3
   18.3
    0.0
    0.0
  Atomkoordinaten
 0.098980
 0.038780  
 0.250000
-0.098980 
-0.038780  
 0.750000 
 0.401020  
 0.038780  
 0.750000 
 0.598980
 -0.038780 
  0.250000  
  DWF
 1
 4
   DWF-Koeffizienten
    0.0129330
   0.0079960
   0.0043560
  -0.0004680
   0.0002255
  -0.0020915
  -0.0004680
   0.0002255
  -0.0020915
  Atomstreufaktor
  8.2186
  7.4398
  1.05
  0.8659
 12.7949
  0.7748
  213.187
 41.6841
  1.4228
 Abschirmkonstanten
   0.5100000
   5.9900000
   3.9700000
  10.3200000
  11.2700000
  15.5000000
   0.0000000
   0.0000000
C
32
 6
 6
12.0100000
  Absorptionskanten
  43.6800000
   0.0000000
   0.0000000
   0.0000000
   0.0000000
   0.0000000
   0.0000000
   0.0000000
   0.0000000
 Atomkoordinaten
-0.177800 
 0.217610  
 0.005610  
 0.177800 
-0.217610  
 0.505610  
 0.677800  
 0.217600  
 0.505610  
 0.322200 
-0.217610 
 0.005610  
 0.068870  
 0.156850 
-0.238420  
-0.068870 
-0.156850 
 0.261580  
 0.431130 
 0.156850 
 0.261580  
 0.568870 
-0.156850 
-0.238420  
-0.059210 
 0.289370 
-0.025190  
 0.059210 
-0.289370 
 0.474810  
 0.559210  
 0.289370  
 0.474810  
 0.440790 
-0.289370 
-0.025190  
-0.063670 
 0.384660  
 0.062630  
 0.063670 
-0.384660  
 0.562630 
 0.563670  
 0.384660  
 0.562630  
 0.436330 
-0.384660 
 0.062630  
 0.162800  
 0.420580 
-0.073500  
-0.162800 
-0.420580  
 0.426500  
 0.337200  
 0.420580  
 0.426500  
 0.662800 
-0.420580 
-0.073500 
 0.169280  
 0.325130 
-0.158050  
-0.169280 
-0.325130  
 0.341950  
 0.330720 
 0.325130 
 0.341950 
 0.669280 
-0.325130 
-0.158050  
 0.057990 
 0.258410 
-0.135880  
-0.057990 
-0.258410 
 0.364120 
 0.442010 
 0.258410 
 0.364120  
 0.557990 
-0.258410 
-0.135880  
 0.047310 
 0.450500 
 0.038240  
-0.047310 
-0.450500 
 0.538240  
 0.452690 
 0.450500 
 0.538240 
 0.547310 
-0.450500 
 0.038240
 DWF
 8
 4
 4
 4
 4
 4
 4
 4
 4
   DWF-Koeffizienten
 0.011939 
 0.004251 
-0.001477
 0.004251 
 0.007362 
 0.000000
-0.001477 
 0.000000 
 0.003357
 0.010741 
 0.002603 
-0.000418
 0.002603 
 0.004613 
-0.000018
-0.000418 
-0.000018 
 0.003359
 0.010635 
 0.000957 
 0.000451
 0.000957 
 0.005741 
 0.000685
 0.000451
 0.000685 
 0.003046
 0.016047 
 0.001590 
-0.001639
 0.001590 
 0.008974 
 0.000666
-0.001639 
 0.000666 
 0.003216
 0.016465
 -0.002345
 -0.001348
-0.002345 
 0.011221 
-0.002147
-0.001348 
-0.002147 
 0.003415
 0.014791
-0.002971 
 0.001962
-0.002971 
 0.009739 
-0.004054
 0.001962 
-0.004054  
 0.004016
 0.013529 
 0.000157 
 0.001684
 0.000157 
 0.006384 
-0.001914
 0.001684 
-0.001914 
 0.004389
 0.009404 
-0.000725 
 0.000500
-0.000725 
 0.005821 
 0.000056
 0.000500 
 0.000056 
 0.002960
  Atomstreufaktor
  2.26069
  1.56165
  1.05075
  0.83926
 22.69070
  0.65667
  9.75618
 55.59490
  0.28698
  Abschirmkonstanten
   0.3300000
   2.7800000
   2.8600000
   0.0000000
   0.0000000
   0.0000000
   0.0000000
   0.0000000
O 
16 
 8 
 8
  15.9990000
  Absorptionskanten
  23.3200000
   0.0000000
   0.0000000
   0.0000000
   0.0000000
   0.0000000
   0.0000000
   0.0000000
   0.0000000
  Atomkoordinaten
-0.298310 
 0.262580 
 0.078710 
 0.298310 
-0.262580 
 0.578710 
 0.798310 
 0.262580 
 0.578710  
 0.201690 
-0.262580 
 0.078710  
-0.161090 
 0.127320 
 0.017480  
 0.161090 
-0.127320 
 0.517480  
 0.661090 
 0.127320 
 0.517480 
 0.338910 
-0.127320 
 0.017480  
 0.145220 
 0.093140 
-0.158610  
-0.145220 
-0.093140 
 0.341390 
 0.354780 
 0.093140 
 0.341390 
 0.645220 
-0.093140 
-0.158610  
 0.000060 
 0.144010 
-0.403850  
-0.000060 
-0.144010 
 0.096150  
 0.499940 
 0.144010 
 0.096150  
 0.500060 
-0.144010 
-0.403850  
  DWF
 4
 4
 4
 4
 4
   DWF-Koeffizienten
 0.020479 
 0.005391 
 0.002362
 0.005391 
 0.005880 
 0.000972
 0.002362 
 0.000972 
 0.004036
 0.024750 
 0.007443 
-0.000346
 0.007443 
 0.008423 
-0.000449
-0.000346
-0.000449 
 0.003208
 0.018351 
-0.000170 
 0.001674
-0.000170 
 0.007203 
 0.002903
 0.001674 
 0.002903 
 0.003951
 0.012018 
-0.002799 
-0.002505
-0.002799 
 0.007009 
 0.001101
-0.002505 
 0.001101 
 0.003929
Atomstreufaktor
  4.19160
  1.63969
  1.52673
-20.30700
 12.85730
  4.17236
 47.01790
 -0.01404
 21.94120
  Abschirmkonstanten
   0.3400000
   3.5100000
   3.5500000
   0.0000000
   0.0000000
   0.0000000
   0.0000000
   0.0000000
H  
20 
 1
 1
   1.0080000
  Absorptionskanten
1000.0000000
   0.0000000
   0.0000000
   0.0000000
   0.0000000
   0.0000000
   0.0000000
   0.0000000
   0.0000000
  Atomkoordinaten
-0.380000 
 0.235000 
 0.038000 
 0.380000 
-0.235000 
 0.538000  
 0.880000 
 0.235000 
 0.538000  
 0.120000 
-0.235000 
 0.038000 
-0.146000 
 0.400000 
 0.140000 
 0.146000 
-0.400000 
 0.640000 
 0.646000 
 0.400000 
 0.640000 
 0.354000 
-0.400000 
 0.140000  
 0.048000 
 0.521000 
 0.096000  
-0.048000 
-0.521000 
 0.596000 
 0.452000 
 0.521000 
 0.596000  
 0.548000 
-0.521000 
 0.096000 
 0.237000 
 0.464000 
-0.091000  
-0.237000 
-0.464000 
 0.409000  
 0.263000 
 0.464000 
 0.409000  
 0.737000 
-0.464000 
-0.091000 
 0.252000 
 0.304000 
-0.231000  
-0.252000 
-0.304000 
 0.269000  
 0.248000 
 0.304000 
 0.269000 
 0.752000 
-0.304000 
-0.231000 
  DWF
 5
 4
 4
 4
 4
 4
   DWF-Koeffizienten
   0.0452680
   0.0205190
   0.0107770
   0.0000000
   0.0000000
   0.0000000
   0.0000000
   0.0000000
   0.0000000
   0.0207480
   0.0094045
   0.0049390
   0.0000000
   0.0000000
   0.0000000
   0.0000000
   0.0000000
   0.0000000
   0.0471540
   0.0213740
   0.0112260
   0.0000000
   0.0000000
   0.0000000
   0.0000000
   0.0000000
   0.0000000
   0.0150890
   0.0068390
   0.0035920
   0.0000000
   0.0000000
   0.0000000
   0.0000000
   0.0000000
   0.0000000
   0.0226340
   0.0102590
   0.0053890
   0.0000000
   0.0000000
   0.0000000
   0.0000000
   0.0000000
   0.0000000
  Atomstreufaktor
  0.48992
  0.26200
  0.19677
  0.04988
 20.65930
  7.74039
 49.55190
  2.20159
  0.00130
  Abschirmkonstanten
   0.0000000
   0.0000000
   0.0000000
   0.0000000
   0.0000000
   0.0000000
   0.0000000
   0.0000000
-----------------------------------------------------------
OW, GH 10/10/98
LC: R.A.Smith - Acta.Cryst. B31 (75) 1773 
    (LC c more precise than in Landolt-Boernstein (c=13.85 A))
ADP: Y. Okaya - Acta Cryst. 19 (1965) 879
