CU
   8.9300000
 1
  Elementarzelle
 90
 90
 90
   3.6149600
   3.6149600
   3.6149600
CU
 4
 29
 29
  63.5400000
  Absorptionskanten
   1.3805900
  11.2710000
  13.0140000
  13.2880000
 110.6000000
 159.5000000
 166.0000000
   0.0000000
   0.0000000
  Atomkoordinaten
   0.0000000
   0.0000000
   0.0000000
   0.0000000
   0.5000000
   0.5000000
   0.5000000
   0.0000000
   0.5000000
   0.5000000
   0.5000000
   0.0000000
  DWF
 4
 1
 1
 1
 1
   DWF-Koeffizienten
   0.0000000
   0.0000000
   0.0000000
   0.0000000
   0.0000000
   0.0000000
   0.0000000
   0.0000000
   0.0000000
   0.0000000
   0.0000000
   0.0000000
   0.0000000
   0.0000000
   0.0000000
   0.0000000
   0.0000000
   0.0000000
   0.0000000
   0.0000000
   0.0000000
   0.0000000
   0.0000000
   0.0000000
   0.0000000
   0.0000000
   0.0000000
   0.0000000
   0.0000000
   0.0000000
   0.0000000
   0.0000000
   0.0000000
   0.0000000
   0.0000000
   0.0000000
  Atomstreufaktor
  13.3380000
   7.1676000
   5.6158000
   1.6735000
   3.5828000
   0.2470000
  11.3966000
  64.8126000
   1.1910000
  Abschirmkonstanten
   0.6000000
   8.1600000
   4.1100000
  37.2000000
  14.5000000
  23.5000000
  16.0000000
   0.0000000
