LIF
   2.6380000
 2
  Elementarzelle
 90
 90
 90
   4.0255200
   4.0255200
   4.0255200
Li
 4
  3
  2
   6.9400000
  Absorptionskanten
 228.0000000
   0.0000000
   0.0000000
   0.0000000
   0.0000000
   0.0000000
   0.0000000
   0.0000000
   0.0000000
  Atomkoordinaten
   0.0000000
   0.0000000
   0.0000000
   0.5000000
   0.5000000
   0.0000000
   0.0000000
   0.5000000
   0.5000000
   0.5000000
   0.0000000
   0.5000000
  DWF
 1
 4
   DWF-Koeffizienten
   0.0169700
   0.0169700
   0.0169700
   0.0000000
   0.0000000
   0.0000000
   0.0000000
   0.0000000
   0.0000000
  Atomstreufaktor
   0.6968000
   0.7888000
   0.3414000
   0.1563000
   4.6237000
   1.9557000
   0.6316000
  10.0953000
   0.0167000
  Abschirmkonstanten
   0.2000000
   0.0000000
   0.0000000
   0.0000000
   0.0000000
   0.0000000
   0.0000000
   0.0000000
F
 4
  9
 10
  18.0000000
  Absorptionskanten
  18.3200000
   0.0000000
   0.0000000
   0.0000000
   0.0000000
   0.0000000
   0.0000000
   0.0000000
   0.0000000
  Atomkoordinaten
   0.5000000
   0.5000000
   0.5000000
   0.5000000
   0.0000000
   0.0000000
   0.0000000
   0.5000000
   0.0000000
   0.0000000
   0.0000000
   0.5000000
  DWF
 1
 4
   DWF-Koeffizienten
   0.0103364
   0.0103364
   0.0103364
   0.0000000
   0.0000000
   0.0000000
   0.0000000
   0.0000000
   0.0000000
  Atomstreufaktor
   3.6322000
   3.5105700
   1.2606400
   0.9407060
   5.2775600
  14.7353000
   0.4422580
  47.3437000
   0.6533960
  Abschirmkonstanten
   0.5000000
   4.0000000
   4.0000000
   0.0000000
   0.0000000
   0.0000000
   0.0000000
   0.0000000
