NI
   8.9000000
 1
  Elementarzelle
 90
 90
 90
   3.5240000
   3.5240000
   3.5240000
NI
 4
 28
 28
  58.7100000
  Absorptionskanten
   1.4880700
  12.2150000
  14.2420000
  14.5250000
   0.0000000
 188.4000000
 188.4000000
   0.0000000
   0.0000000
  Atomkoordinaten
   0.0000000
   0.0000000
   0.0000000
   0.0000000
   0.5000000
   0.5000000
   0.5000000
   0.0000000
   0.5000000
   0.5000000
   0.5000000
   0.0000000
  DWF
 1
 4
   DWF-Koeffizienten
   0.0000000
   0.0000000
   0.0000000
   0.0000000
   0.0000000
   0.0000000
   0.0000000
   0.0000000
   0.0000000
  Atomstreufaktor
  12.8376000
   7.2920000
   4.4438000
   2.3800000
   3.8785000
   0.2565000
  12.1763000
  66.3421000
   1.0341000
  Abschirmkonstanten
   0.6000000
   8.0000000
   4.1100000
  13.1800000
  13.9100000
  15.7200000
  22.3700000
   0.0000000
