OHM
   1.0000000
 2
  Elementarzelle
 91
103
 89
   6.8330000
  31.6620000
   5.3920000
O
 8
  8
  8
  15.9990000
  Absorptionskanten
  23.3200000
   0.0000000
   0.0000000
   0.0000000
   0.0000000
   0.0000000
   0.0000000
   0.0000000
   0.0000000
  Atomkoordinaten
   0.4114000
   0.0772200
   0.6065000
  -0.4114000
  -0.0772200
  -0.6065000
   0.6800000
   0.1001200
   0.4762000
  -0.6800000
  -0.1001200
  -0.4762000
  -0.0012000
   0.0437000
   0.2698000
   0.0012000
  -0.0437000
  -0.2698000
   0.2112000
  -0.0090000
   0.4167000
  -0.2112000
   0.0090000
  -0.4167000
  DWF
 4
 2
 2
 2
 2
   DWF-Koeffizienten
   0.0000000
   0.0000000
   0.0000000
   0.0000000
   0.0000000
   0.0000000
   0.0000000
   0.0000000
   0.0000000
   0.0000000
   0.0000000
   0.0000000
   0.0000000
   0.0000000
   0.0000000
   0.0000000
   0.0000000
   0.0000000
   0.0000000
   0.0000000
   0.0000000
   0.0000000
   0.0000000
   0.0000000
   0.0000000
   0.0000000
   0.0000000
   0.0000000
   0.0000000
   0.0000000
   0.0000000
   0.0000000
   0.0000000
   0.0000000
   0.0000000
   0.0000000
  Atomstreufaktor
   4.1916000
   1.6396900
   1.5267300
 -20.3070000
  12.8573000
   4.1723600
  47.0179000
  -0.0140400
  21.9412000
  Abschirmkonstanten
   0.0000000
   0.0000000
   0.0000000
   0.0000000
   0.0000000
   0.0000000
   0.0000000
   0.0000000
C
44
  6
  6
  12.0100000
  Absorptionskanten
  43.6800000
   0.0000000
   0.0000000
   0.0000000
   0.0000000
   0.0000000
   0.0000000
   0.0000000
   0.0000000
  Atomkoordinaten
   3.2602000
   0.4680000
   2.8120000
  -3.2602000
  -0.4680000
  -2.8120000
   3.0734000
   0.4503000
   2.7910000
  -3.0734000
  -0.4503000
  -2.7910000
   2.9930000
   0.4257000
   2.5550000
  -2.9930000
  -0.4257000
  -2.5550000
   2.7870000
   0.4082000
   2.5327000
  -2.7870000
  -0.4082000
  -2.5327000
   2.7041000
   0.3841000
   2.2921000
  -2.7041000
  -0.3841000
  -2.2921000
   2.4984000
   0.3657000
   2.2755000
  -2.4984000
  -0.3657000
  -2.2755000
   2.4141000
   0.3417000
   2.0348000
  -2.4141000
  -0.3417000
  -2.0348000
   2.2108000
   0.3229000
   2.0203000
  -2.2108000
  -0.3229000
  -2.0203000
   2.1247000
   0.2997700
   1.7769000
  -2.1247000
  -0.2997000
  -1.7769000
   1.9207000
   0.2811000
   1.7633000
  -1.9207000
  -0.2811000
  -1.7633000
   1.8345000
   0.2579000
   1.5197000
  -1.8345000
  -0.2579000
  -1.5197000
   1.6319000
   0.2391000
   1.5055000
  -1.6319000
  -0.2391000
  -1.5055000
   1.5465000
   0.2154000
   1.2629000
  -1.5465000
  -0.2154000
  -1.2629000
   1.3436000
   0.1962000
   1.2487000
  -1.3436000
  -0.1962000
  -1.2487000
   1.2551000
   0.1744000
   1.0000000
  -1.2551000
  -0.1744000
  -1.0000000
   1.0522000
   0.1552000
   0.9861000
  -1.0522000
  -0.1552000
  -0.9861000
   0.9622000
   0.1350000
   0.7322000
  -0.9622000
  -0.1350000
  -0.7322000
   0.7625000
   0.1161000
   0.7288000
  -0.7625000
  -0.1161000
  -0.7288000
   0.5055000
   0.0803000
   0.4449000
  -0.5055000
  -0.0803000
  -0.4449000
   0.4455000
   0.0628000
   0.1877000
  -0.4455000
  -0.0628000
  -0.1877000
   0.2937000
   0.0377000
   0.1172000
  -0.2937000
  -0.0377000
  -0.1172000
   0.1658000
   0.0221000
   0.2844000
  -0.1658000
  -0.0221000
  -0.2844000
  DWF
22
 2
 2
 2
 2
 2
 2
 2
 2
 2
 2
 2
 2
 2
 2
 2
 2
 2
 2
 2
 2
 2
 2
   DWF-Koeffizienten
   0.0000000
   0.0000000
   0.0000000
   0.0000000
   0.0000000
   0.0000000
   0.0000000
   0.0000000
   0.0000000
   0.0000000
   0.0000000
   0.0000000
   0.0000000
   0.0000000
   0.0000000
   0.0000000
   0.0000000
   0.0000000
   0.0000000
   0.0000000
   0.0000000
   0.0000000
   0.0000000
   0.0000000
   0.0000000
   0.0000000
   0.0000000
   0.0000000
   0.0000000
   0.0000000
   0.0000000
   0.0000000
   0.0000000
   0.0000000
   0.0000000
   0.0000000
   0.0000000
   0.0000000
   0.0000000
   0.0000000
   0.0000000
   0.0000000
   0.0000000
   0.0000000
   0.0000000
   0.0000000
   0.0000000
   0.0000000
   0.0000000
   0.0000000
   0.0000000
   0.0000000
   0.0000000
   0.0000000
   0.0000000
   0.0000000
   0.0000000
   0.0000000
   0.0000000
   0.0000000
   0.0000000
   0.0000000
   0.0000000
   0.0000000
   0.0000000
   0.0000000
   0.0000000
   0.0000000
   0.0000000
   0.0000000
   0.0000000
   0.0000000
   0.0000000
   0.0000000
   0.0000000
   0.0000000
   0.0000000
   0.0000000
   0.0000000
   0.0000000
   0.0000000
   0.0000000
   0.0000000
   0.0000000
   0.0000000
   0.0000000
   0.0000000
   0.0000000
   0.0000000
   0.0000000
   0.0000000
   0.0000000
   0.0000000
   0.0000000
   0.0000000
   0.0000000
   0.0000000
   0.0000000
   0.0000000
   0.0000000
   0.0000000
   0.0000000
   0.0000000
   0.0000000
   0.0000000
   0.0000000
   0.0000000
   0.0000000
   0.0000000
   0.0000000
   0.0000000
   0.0000000
   0.0000000
   0.0000000
   0.0000000
   0.0000000
   0.0000000
   0.0000000
   0.0000000
   0.0000000
   0.0000000
   0.0000000
   0.0000000
   0.0000000
   0.0000000
   0.0000000
   0.0000000
   0.0000000
   0.0000000
   0.0000000
   0.0000000
   0.0000000
   0.0000000
   0.0000000
   0.0000000
   0.0000000
   0.0000000
   0.0000000
   0.0000000
   0.0000000
   0.0000000
   0.0000000
   0.0000000
   0.0000000
   0.0000000
   0.0000000
   0.0000000
   0.0000000
   0.0000000
   0.0000000
   0.0000000
   0.0000000
   0.0000000
   0.0000000
   0.0000000
   0.0000000
   0.0000000
   0.0000000
   0.0000000
   0.0000000
   0.0000000
   0.0000000
   0.0000000
   0.0000000
   0.0000000
   0.0000000
   0.0000000
   0.0000000
   0.0000000
   0.0000000
   0.0000000
   0.0000000
   0.0000000
   0.0000000
   0.0000000
   0.0000000
   0.0000000
   0.0000000
   0.0000000
   0.0000000
   0.0000000
   0.0000000
   0.0000000
   0.0000000
   0.0000000
   0.0000000
   0.0000000
   0.0000000
   0.0000000
   0.0000000
   0.0000000
   0.0000000
   0.0000000
   0.0000000
   0.0000000
   0.0000000
   0.0000000
   0.0000000
  Atomstreufaktor
   2.2606900
   1.5616500
   1.0507500
   0.8392590
  22.6907000
   0.6566650
   9.7561800
  55.5949000
   0.2869770
  Abschirmkonstanten
   0.0000000
   0.0000000
   0.0000000
   0.0000000
   0.0000000
   0.0000000
   0.0000000
   0.0000000
