PCMO
   6.1770000
 3
  Elementarzelle
 90
 90
 90
   5.4260000
   5.4780000
   7.6790000
Mn
 4
 25
 25
  54.9381000
  Absorptionskanten
   1.8963140
  16.1248400
  19.0798600
  19.4144000
   0.0000000
   0.0000000
   0.0000000
   0.0000000
   0.0000000
  Atomkoordinaten
   0.5000000
   0.0000000
   0.0000000
   0.0000000
   0.5000000
   0.0000000
   0.5000000
   0.0000000
   0.5000000
   0.0000000
   0.5000000
   0.5000000
  DWF
 1
 4
   DWF-Koeffizienten
   0.0000000
   0.0000000
   0.0000000
   0.0000000
   0.0000000
   0.0000000
   0.0000000
   0.0000000
   0.0000000
  Atomstreufaktor
   9.9625300
   7.9705700
   2.7606700
   0.0544470
   4.8485000
   0.2833030
  10.4852000
  27.5730000
   0.2518770
  Abschirmkonstanten
   0.0000000
   0.0000000
   0.0000000
   0.0000000
   0.0000000
   0.0000000
   0.0000000
   0.0000000
Ca
 4
 20
 20
 40.0800000
 Absorptionskanten
  3.0708271
 28.2846720
 35.4589000
  0.0000000
  0.0000000
  0.0000000
  0.0000000
  0.0000000
  0.0000000
 Atomkoordinaten
 -0.0099000
  0.0322000
  0.2500000
  0.4901000
  0.4680000
  0.7500000
  0.0099000
 -0.0322000
  0.7500000
  0.5099000
  0.5322000
  0.2500000
  DWF
 1
 4
  DWF-Koeffizienten
  0.0000000
  0.0000000
  0.0000000
  0.0000000
  0.0000000
  0.0000000
  0.0000000
  0.0000000
  0.0000000
 Atomstreufaktor
 15.6348000
  7.9518000
  8.4372000
  0.8537000
 -0.0074000
  0.6089000
 10.3116000
 25.9905000
-14.8750000
 Abschirmkonstanten
  0.0000000
  0.0000000
  0.0000000
  0.0000000
  0.0000000
  0.0000000
  0.0000000
  0.0000000
O
12
  8
  8
  15.9994000
 Absorptionskanten
  23.3200000
   0.0000000
   0.0000000
   0.0000000
   0.0000000
   0.0000000
   0.0000000
   0.0000000
   0.0000000
  Atomkoordinaten
   0.0737000
   0.4833000
   0.2500000
   0.5737000
   0.0167000
   0.7500000
  -0.0737000
  -0.4833000
   0.7500000
   0.4263000
   0.9833000
   0.2500000
  -0.2873000
   0.2883000
   0.0413000
   0.2127000
   0.2117000
  -0.0413000
   0.2873000
  -0.2883000
   0.5413000
   0.7873000
   0.7883000
   0.4587000
   0.2873000
  -0.2883000
  -0.0413000
   0.7873000
   0.7883000
   0.0413000
  -0.2873000
   0.2883000
   0.4587000
   0.2127000
   0.2117000
   0.5413000
   DWF
 1
12
   DWF-Koeffizienten
   0.0000000
   0.0000000
   0.0000000
   0.0000000
   0.0000000
   0.0000000
   0.0000000
   0.0000000
   0.0000000
  Atomstreufaktor
   3.0485000
   2.2868000
   1.5463000
   0.8670000
  13.2771000
   5.7011000
   0.3239000
  32.9089000
   0.2508000
  Abschirmkonstanten
   0.0000000
   0.0000000
   0.0000000
   0.0000000
   0.0000000
   0.0000000
   0.0000000
   0.0000000

Pr(1-x)Ca(x)MnO3, Gitterkonstanten und Atompositionen für x=0,3, Atomstreufaktor für nur für Ca, Z. Jirak u. a. J.Magnetism and Magnetic Materials 53 (1985) 153-166, OW 4/08


