PET
   1.39
  2
   Elementarzelle
  90
  90
  90
    6.10
    6.10
    8.73
C
 10
 6
 6
 12.01
 Absorptionskanten
  43.6800000
   0.0000000
   0.0000000
   0.0000000
   0.0000000
   0.0000000
   0.0000000
   0.0000000
   0.0000000
Atomkoordinaten
  0.0000
  0.0000
  0.0000
  0.5000
  0.5000
  0.5000
  0.1620
  0.1230
  0.0970
  -0.162
  -0.123
  0.0970
  0.1230
  -0.162
  -0.097
  -0.123
  0.1620
  -0.097
  0.662
  0.623
  0.597
  0.338
  0.377
  0.597
  0.623
  0.338
  0.403
  0.377
  0.662
  0.403
 DWF
  1
  10
 DWF-Koeffizienten
  0.0000
  0.0000
  0.0000
  0.0000
  0.0000
  0.0000
  0.0000
  0.0000
  0.0000
 Atomstreufaktor
    2.2606900
   1.5616500
   1.0507500
   0.8392590
  22.6907000
   0.6566650
   9.7561800
  55.5949000
   0.2869770
Abschirmkonstanten
   0.3300000
   2.7800000
   2.8600000
   0.0000000
   0.0000000
   0.0000000
   0.0000000
   0.0000000
O
 8
 8
 8
  15.999
 Absorptionskanten
  23.3200000
   0.0000000
   0.0000000
   0.0000000
   0.0000000
   0.0000000
   0.0000000
   0.0000000
   0.0000000
 Atomkoordinaten
  0.314
  0.247
  0.002
  -0.314
  -0.247
  0.002
  0.247
  -0.314
  -0.002
  -0.247
  0.314
  -0.002
  0.814
  0.747
  0.502
  0.186
  0.253
  0.502
  0.747
  0.186
  0.498
  0.253
  0.814
  0.498
 DWF
 1
 8
 DWF-Koeffizienten
  0.0000
  0.0000
  0.0000
  0.0000
  0.0000
  0.0000
  0.0000
  0.0000
  0.0000
 Atomstreufaktor
   4.1916000
   1.6396900
   1.5267300
 -20.3070000
  12.8573000
   4.1723600
  47.0179000
  -0.0140400
  21.9412000
 Abschirmkonstanten
   0.3400000
   3.5100000
   3.5500000
   0.0000000
   0.0000000
   0.0000000
   0.0000000
   0.0000000