PLATIN
  21.4500000
 1
  Elementarzelle
 90
 90
 90
   3.9231000
   3.9231000
   3.9231000
PLATIN
 4
 78
 78
 195.0900000
  Absorptionskanten
   0.1581800
   0.8931000
   0.9341400
   1.0723000
   3.7620000
   4.0930000
   4.6860000
   5.5900000
   5.8100000
  Atomkoordinaten
   0.0000000
   0.0000000
   0.0000000
   0.0000000
   0.5000000
   0.5000000
   0.5000000
   0.0000000
   0.5000000
   0.5000000
   0.5000000
   0.0000000
  DWF
 1
 4
   DWF-Koeffizienten
   0.0000000
   0.0000000
   0.0000000
   0.0000000
   0.0000000
   0.0000000
   0.0000000
   0.0000000
   0.0000000
  Atomstreufaktor
  27.0059000
  17.7639000
  15.7131000
   5.7837000
   1.5129300
   8.8117400
   0.4245930
  38.6103000
  11.6883000
  Abschirmkonstanten
   1.5000000
  22.6000000
   4.9000000
  32.2000000
  28.1000000
  41.2000000
  14.4000000
  40.6000000
