Quarz_42
   2.6500000
 2
  Elementarzelle
 90
 90
120
   4.9140000
   4.9140000
   5.4060000
Si
 3
14
10
  28.0900000
  Absorptionskanten
   6.7380000
   0.0000000
 123.0000000
 123.0000000
   0.0000000
   0.0000000
   0.0000000
   0.0000000
   0.0000000
  Atomkoordinaten
   0.4699200
   0.0000000
   0.3333333
   0.0000000
   0.4699200
   0.6666667
   0.5300800
   0.5300800
   0.0000000
  DWF
 1
 3
   DWF-Koeffizienten
   0.0070677
   0.0070677
   0.0043797
   0.0070677
   0.0000000
   0.0000000
   0.0000000
   0.0000000
   0.0000000
  Atomstreufaktor
   4.4391800
   3.2034500
   1.1945300
   0.4165300
   1.6416700
   3.4375700
   0.2149000
   6.6536500
   0.7462970
  Abschirmkonstanten
   0.4300000
   4.9800000
   4.0500000
   9.1000000
   9.1700000
   0.0000000
   0.0000000
   0.0000000
O
 6
 8
10
  15.9990000
  Absorptionskanten
  23.3670000
   0.0000000
   0.0000000
   0.0000000
   0.0000000
   0.0000000
   0.0000000
   0.0000000
   0.0000000
  Atomkoordinaten
   0.4130500
   0.2668500
   0.2140300
  -0.2668500
   0.1462000
   0.5473633
  -0.1462000
  -0.4130500
   0.8806967
   0.2668500
   0.4130500
  -0.2140300
  -0.4130500
  -0.1462000
   0.1193033
   0.1462000
  -0.2668500
   0.4526367
  DWF
 1
 6
   DWF-Koeffizienten
   0.0119270
   0.0119270
   0.0073907
   0.0119270
   0.0000000
   0.0000000
   0.0000000
   0.0000000
   0.0000000
  Atomstreufaktor
   4.1916000
   1.6396900
   1.5267300
 -20.3070000
  12.8573000
   4.1723600
  47.0179000
  -0.0140400
  21.9412000
  Abschirmkonstanten
   0.3400000
   3.5100000
   3.5500000
   0.0000000
   0.0000000
   0.0000000
   0.0000000
   0.0000000
Hazen,R.M., Finger,L.W.u.a.:SSCOA 72 (1989), pp. 507-511 (Solid State communications), auﬂer Abschirmkonstanten, OW 7/2007