Quarz_00
   2.6500000
 2
  Elementarzelle
 90
 90
120
   4.9130000
   4.9130000
   5.4050000
Si
 3
14
14
  28.0900000
  Absorptionskanten
   6.7380000
   0.0000000
 123.0000000
 123.0000000
   0.0000000
   0.0000000
   0.0000000
   0.0000000
   0.0000000
  Atomkoordinaten
   0.5299000
   0.5299000
   0.6666667
   0.4701000
   0.0000000
   0.3333333
   0.0000000
   0.4701000
   1.0000000
  DWF
 1
 3
   DWF_Koeffizienten
   0.0073000
   0.0058000
   0.0040000
   0.0029000
  -0.0001000
  -0.0001000
   0.0029000
  -0.0001000
  -0.0001000
  Atomstreufaktor
   5.6626900
   3.0716400
   2.6244600
   1.3932000
   2.6652000
  38.6634000
   0.9169460
  93.5458000
   1.2470700
  Abschirmkonstanten
   0.4300000
   4.9800000
   4.0500000
   9.1000000
   9.1700000
   0.0000000
   0.0000000
   0.0000000
O
 6
 8
 8
  15.9990000
  Absorptionskanten
  23.3670000
   0.0000000
   0.0000000
   0.0000000
   0.0000000
   0.0000000
   0.0000000
   0.0000000
   0.0000000
  Atomkoordinaten
   0.4136000
   0.2676000
   0.4524333
  -0.1460000
  -0.4136000
   0.7857667
   0.7324000
   0.1460000
   0.1191
   0.1460000
  -0.2676000
   0.2142333
   0.5864000
  -0.1460000
   0.5475666
   0.2676000
   0.4136000
  -0.1191000
  DWF
 1
 6
   DWF_Koeffizienten
   0.0170000
   0.0140000
   0.0140000
   0.0102000
  -0.0019000
  -0.0032000
   0.0102000
  -0.0019000
  -0.0032000
  Atomstreufaktor
   3.0485000
   2.2868000
   1.5463000
   0.8670000
  13.2771000
   5.7011000
   0.3239000
  32.9089000
   0.2508000
  Abschirmkonstanten
   0.3400000
   3.5100000
   3.5500000
   0.0000000
   0.0000000
   0.0000000
   0.0000000
   0.0000000
