RAP
   1.9330000
 4
  Elementarzelle
 90
 90
 90
   6.5500000
  10.0200000
  13.068
Rb
 4
37
36
  85.4700000
  Absorptionskanten
   0.8155400
   6.0080000
   6.6440000
   6.8620000
   0.0000000
   0.0000000
   0.0000000
   0.0000000
   0.0000000
  Atomkoordinaten
0.10140
0.04590
-0.25000
-0.10140
-0.04590
0.25000
0.39860
0.04590
0.25000
0.60140
-0.04590
-0.25000
  DWF
 1
 4
   DWF-Koeffizienten
   0.0000000
   0.0000000
   0.0000000
   0.0000000
  -0.0000000
  -0.0000000
   0.0000000
   0.0000000
   0.0000000
  Atomstreufaktor
  17.5816000
   7.6598000
   5.8981000
   2.7817000
   1.7139000
  14.7957000
   0.1603000
  31.2087000
   2.0782000
  Abschirmkonstanten
   0.7900000
   9.8400000
   3.9600000
  15.1600000
  15.7000000
  24.6100000
  15.3200000
  26.1200000
C
32
 6
 6
  12.0100000
  Absorptionskanten
  43.6800000
   0.0000000
   0.0000000
   0.0000000
   0.0000000
   0.0000000
   0.0000000
   0.0000000
   0.0000000
  Atomkoordinaten
0.05100
0.26700
0.12700
-0.05100
-0.26700
0.62700
0.44900
0.26700
0.62700
0.55100
-0.26700
0.12700
-0.05400
0.29600
0.00900
0.05400
-0.29600
0.50900
0.55400
0.29600
0.50900
0.44600
-0.29600
0.00900
-0.05500
0.39200
-0.08800
0.05500
-0.39200
0.41200
0.55500
0.39200
0.41200
0.44500
-0.39200
-0.08800
0.05300
0.45300
-0.07000
-0.05300
-0.45300
0.43000
0.44700
0.45300
0.43000
0.55300
-0.45300
-0.07000
0.16400
0.42500
0.04800
-0.16400
-0.42500
0.54800
0.33600
0.42500
0.54800
0.66400
-0.42500
0.04800
0.16100
0.33200
0.13600
-0.16100
-0.33200
0.63600
0.33900
0.33200
0.63600
0.66100
-0.33200
0.13600
0.06000
0.16800
0.23900
-0.06000
-0.16800
0.73900
0.44000
0.16800
0.73900
0.56000
-0.16800
0.23900
-0.17600
0.22600
-0.01100
0.17600
-0.22600
0.48900
0.67600
0.22600
0.48900
0.32400
-0.22600
-0.01100
  DWF
 8
 4
 4
 4
 4
 4
 4
 4
 4
   DWF-Koeffizienten
   0.0000000
   0.0000000
   0.0000000
   0.0000000
   0.0000000
   0.0000000
   0.0000000
   0.0000000
   0.0000000
   0.0000000
   0.0000000
   0.0000000
   0.0000000
   0.0000000
   0.0000000
   0.0000000
   0.0000000
   0.0000000
   0.0000000
   0.0000000
   0.0000000
   0.0000000
   0.0000000
   0.0000000
   0.0000000
   0.0000000
   0.0000000
   0.0000000
   0.0000000
   0.0000000
   0.0000000
   0.0000000
   0.0000000
   0.0000000
   0.0000000
   0.0000000
   0.0000000
   0.0000000
   0.0000000
   0.0000000
   0.0000000
   0.0000000
   0.0000000
   0.0000000
   0.0000000
   0.0000000
   0.0000000
   0.0000000
   0.0000000
   0.0000000
   0.0000000
   0.0000000
   0.0000000
   0.0000000
   0.0000000
   0.0000000
   0.0000000
   0.0000000
   0.0000000
   0.0000000
   0.0000000
   0.0000000
   0.0000000
   0.0000000
   0.0000000
   0.0000000
   0.0000000
   0.0000000
   0.0000000
   0.0000000
   0.0000000
   0.0000000
  Atomstreufaktor
   2.2606900
   1.5616500
   1.0507500
   0.8392590
  22.6907000
   0.6566650
   9.7561800
  55.5949000
   0.2869770
  Abschirmkonstanten
   0.3300000
   2.7800000
   2.8600000
   0.0000000
   0.0000000
   0.0000000
   0.0000000
   0.0000000
O
16
 8
 8
  15.9990000
  Absorptionskanten
  23.3200000
   0.0000000
   0.0000000
   0.0000000
   0.0000000
   0.0000000
   0.0000000
   0.0000000
   0.0000000
  Atomkoordinaten
0.13300
0.10000
0.18400
-0.13300
-0.10000
0.68400
0.36700
0.10000
0.68400
0.63300
-0.10000
0.18400
-0.01400
0.15700
0.39700
0.01400
-0.15700
0.89700
0.51400
0.15700
0.89700
0.48600
-0.15700
0.39700
-0.16300
0.13400
-0.01300
0.16300
-0.13400
0.48700
0.66300
0.13400
0.48700
0.33700
-0.13400
-0.01300
-0.28700
0.27500
-0.03900
0.28700
-0.27500
0.46100
0.78700
0.27500
0.46100
0.21300
-0.27500
-0.03900
  DWF
 4
 4
 4
 4
 4
   DWF-Koeffizienten
   0.0000000
   0.0000000
   0.0000000
   0.0000000
   0.0000000
   0.0000000
   0.0000000
   0.0000000
   0.0000000
   0.0000000
   0.0000000
   0.0000000
   0.0000000
   0.0000000
   0.0000000
   0.0000000
   0.0000000
   0.0000000
   0.0000000
   0.0000000
   0.0000000
   0.0000000
   0.0000000
   0.0000000
   0.0000000
   0.0000000
   0.0000000
   0.0000000
   0.0000000
   0.0000000
   0.0000000
   0.0000000
   0.0000000
   0.0000000
   0.0000000
   0.0000000
  Atomstreufaktor
   4.1916000
   1.6396900
   1.5267300
 -20.3070000
  12.8573000
   4.1723600
  47.0179000
  -0.0140400
  21.9412000
  Abschirmkonstanten
   0.3400000
   3.5100000
   3.5500000
   0.0000000
   0.0000000
   0.0000000
   0.0000000
   0.0000000
H
20
 1
 1
   1.0080000
  Absorptionskanten
1000.0000000
   0.0000000
   0.0000000
   0.0000000
   0.0000000
   0.0000000
   0.0000000
   0.0000000
   0.0000000
  Atomkoordinaten
-0.13600
0.41300
-0.17400
0.13600
-0.41300
0.32600
0.63600
0.41300
0.32600
0.36400
-0.41300
-0.17400
0.05500
0.52400
-0.15000
-0.05500
-0.52400
0.35000
0.44500
0.52400
0.35000
0.55500
-0.52400
-0.15000
0.24600
0.47700
0.05100
-0.24600
-0.47700
0.55100
0.25400
0.47700
0.55100
0.74600
-0.47700
0.05100
0.24400
0.31300
0.21400
-0.24400
-0.31300
0.71400
0.25600
0.31300
0.71400
0.74400
-0.31300
0.21400
-0.37000
0.24500
0.00100
0.37000
-0.24500
0.50100
0.87000
0.24500
0.50100
0.13000
-0.24500
0.00100
  DWF
 1
20
   DWF-Koeffizienten
   0.0469300
   0.0200540
   0.0119320
   0.0000000
   0.0000000
   0.0000000
   0.0000000
   0.0000000
   0.0000000
  Atomstreufaktor
   0.4899180
   0.2620030
   0.1967670
   0.0498790
  20.6593000
   7.7403900
  49.5519000
   2.2015900
   0.0013050
  Abschirmkonstanten
   0.0000000
   0.0000000
   0.0000000
   0.0000000
   0.0000000
   0.0000000
   0.0000000
   0.0000000