Silizium
   2.3300000
 1
  Elementarzelle
 90
 90
 90
   5.43102018
   5.43102018
   5.43102018
Si
 8
14
14
  28.0900000
  Absorptionskanten
   6.7380000
   0.0000000
 123.0000000
 123.0000000
   0.0000000
   0.0000000
   0.0000000
   0.0000000
   0.0000000
  Atomkoordinaten
   0.3750000000
   0.3750000000
   0.3750000000
   0.6250000000
   0.625000000
   0.625000000
   0.875000000
   0.3750000000
   0.875000000
   0.125000000
   0.625000000
   0.1250000000
   0.87500000
   0.87500000
   0.37500000
   0.1250000
   0.1250000
   0.6250000
   0.37500000
   0.8750000
   0.87500000
   0.62500000
   0.12500000
   0.12500000
  DWF
 1
 8
   DWF-Koeffizienten
   0.0039070
   0.0039070
   0.0039070
   0.0000000
   0.0000000
   0.0000000
   0.0000000
   0.0000000
   0.0000000
  Atomstreufaktor
   5.6626900
   3.0716400
   2.6244600
   1.3932000
   2.6652000
  38.6634000
   0.9169460
  93.5458000
   1.2470700
  Abschirmkonstanten
   0.4300000
   4.9800000
   4.0500000
   9.1000000
   9.7100000
   0.0000000
   0.0000000
   0.0000000
--------------------
Si-Gitterkonstante: J.StÅmpel et al.  - phys.stat.sol.(a) 124 (1991) 565