SMS
   5.694694533
 2
  Elementarzelle
 90
 90
 90
   5.9700000
   5.9700000
   5.9700000
SAMARIUM
 4
 62
 62
 150.3600000
  Absorptionskanten
   0.26473700
   1.60253800
   1.69568600
   1.84606100
   7.19672600
   8.04732900
   8.73258200
   11.2102350
   11.4779860
  Atomkoordinaten
   0.50000000
   0.50000000
   0.50000000
   0.00000000
   0.00000000
   0.50000000
   0.00000000
   0.50000000
   0.00000000
   0.50000000
   0.00000000
   0.00000000
  DWF
 1
 4
   DWF-Koeffizienten
   0.0000000
   0.0000000
   0.0000000
   0.0000000
   0.0000000
   0.0000000
   0.0000000
   0.0000000
   0.0000000
  Atomstreufaktor
  24.0042000
  19.4258000
   13.439600
   2.8960400
   2.4727400
   0.1964510
   14.399600
   128.00700
   2.20963
  Abschirmkonstanten
   1.2217
   16.2652
   4.2690
   19.9736
   19.5815
   29.7076
   13.7711
   30.9120
SULPHUR
 4
 16
 16
 32.0650000
  Absorptionskanten
   5.01558200
   54.0947640
   75.2337380
   75.5086480
   784.716450
   1589.55380
   1512.01460
   0.00000000
   0.00000000
  Atomkoordinaten
   0.00000000
   0.00000000
   0.00000000
   0.50000000
   0.50000000
   0.00000000
   0.50000000
   0.00000000
   0.50000000
   0.00000000
   0.50000000
   0.50000000
  DWF
 1
 4
   DWF-Koeffizienten
   0.0000000
   0.0000000
   0.0000000
   0.0000000
   0.0000000
   0.0000000
   0.0000000
   0.0000000
   0.0000000
  Atomstreufaktor
   6.9053000
   5.2034000
   1.4379000
   1.5863000
   1.4679000
  22.2151000
   0.2536000
  56.1720000
   0.8669000
  Abschirmkonstanten
   0.4591
   5.3712
   4.0230
   9.6331
   10.5181
   0.0000000
   0.0000000
   0.0000000

