SrTiO3
   5.120000
 3
  Elementarzelle
 90
 90
 90
   3.9050000
   3.9050000
   3.9050000
Sr
 1
 38
 38
 87.6200000
  Absorptionskanten
   0.769874
   5.594242
   6.178253
   6.392307
   34.681175
   44.31208
   46.074024
   91.840889
   93.151916
  Atomkoordinaten
   0.00000000
   0.00000000
   0.00000000
  DWF
 1
 1
   DWF-Koeffizienten
   0.000000000
   0.000000000
   0.000000000
   0.000000000
   0.000000000
   0.000000000
   0.000000000
   0.000000000
   0.000000000
  Atomstreufaktor
   17.5663
   9.81840
   5.42200
   2.66940
   1.55640
   14.0988
   0.166400
   132.376
   2.50640
  Abschirmkonstanten
   0.000000000
   0.000000000
   0.000000000
   0.000000000
   0.000000000
   0.000000000
   0.000000000
   0.000000000
Ti
 1
 22
 22
 47.867
  Absorptionskanten
   2.496480
   21.994891
   26.865699
   27.219583
   205.61393
   385.33873
   3350.9513
   3350.9513
   0.0000000
  Atomkoordinaten
   0.5000000
   0.5000000
   0.5000000
  DWF
 1
 1
  DWF-Koeffizienten
   0.00000000
   0.00000000
   0.00000000
   0.00000000
   0.00000000
   0.00000000
   0.00000000
   0.00000000
   0.00000000
  Atomstreufaktor
   9.75950
   7.35580
   1.69910
   1.90210
   7.85080
   0.50000
   35.6338
   116.105
   1.28070
  Abschirmkonstanten
   0.00000
   0.00000
   0.00000
   0.00000
   0.00000
   0.00000
   0.00000
   0.00000
O
 3
 8
 8
 15.9994
  Absorptionskanten
   23.305489
   523.14430
   1746.2704
   1746.2704
   0.0000000
   0.0000000
   0.0000000
   0.0000000
   0.0000000
  Atomkoordinaten
   0.5000000
   0.5000000
   0.0000000
   0.5000000
   0.0000000
   0.5000000
   0.0000000
   0.5000000
   0.5000000
  DWF
 1
 3
  DWF-Koeffizienten
   0.00000000
   0.00000000
   0.00000000
   0.00000000
   0.00000000
   0.00000000
   0.00000000
   0.00000000
   0.00000000
  Atomstreufaktor
   3.04850
   2.28680
   1.54630
   0.867000
   13.2771
   5.70110
   0.323900
   32.9089
   0.250800
  Abschirmkonstanten
   0.0000000
   0.0000000
   0.0000000
   0.0000000
   0.0000000
   0.0000000
   0.0000000
   0.0000000
