TGS
   1.6560000
 4
  Elementarzelle
 90
110
 90
   9.4170000
  12.6430000
   5.7350000
C
12
  6
  6
  12.0100000
  Absorptionskanten
  43.6800000
   0.0000000
   0.0000000
   0.0000000
   0.0000000
   0.0000000
   0.0000000
   0.0000000
   0.0000000
  Atomkoordinaten
   0.4905000
   0.2472000
   0.8727000
  -0.4905000
   0.7472000
  -0.8727000
   0.3348000
   0.2361000
   0.9049000
  -0.3348000
   0.7361000
  -0.9049000
   0.3153000
   0.5331000
   0.6797000
  -0.3153000
   1.0331000
  -0.6797000
   0.2675000
   0.5734000
   0.4070000
  -0.2675000
   1.0734000
  -0.4070000
   0.6937000
   0.4749000
   0.3281000
  -0.6937000
   0.9749000
  -0.3281000
   0.7440000
   0.4320000
   0.5906000
  -0.7440000
   0.9320000
  -0.5906000
  DWF
 6
 2
 2
 2
 2
 2
 2
   DWF-Koeffizienten
   0.0000000
   0.0000000
   0.0000000
   0.0000000
   0.0000000
   0.0000000
   0.0000000
   0.0000000
   0.0000000
   0.0000000
   0.0000000
   0.0000000
   0.0000000
   0.0000000
   0.0000000
   0.0000000
   0.0000000
   0.0000000
   0.0000000
   0.0000000
   0.0000000
   0.0000000
   0.0000000
   0.0000000
   0.0000000
   0.0000000
   0.0000000
   0.0000000
   0.0000000
   0.0000000
   0.0000000
   0.0000000
   0.0000000
   0.0000000
   0.0000000
   0.0000000
   0.0000000
   0.0000000
   0.0000000
   0.0000000
   0.0000000
   0.0000000
   0.0000000
   0.0000000
   0.0000000
   0.0000000
   0.0000000
   0.0000000
   0.0000000
   0.0000000
   0.0000000
   0.0000000
   0.0000000
   0.0000000
  Atomstreufaktor
   2.2606900
   1.5616500
   1.0507500
   0.8392590
  22.6907000
   0.6566650
   9.7561800
  55.5949000
   0.2869770
  Abschirmkonstanten
   0.0000000
   0.0000000
   0.0000000
   0.0000000
   0.0000000
   0.0000000
   0.0000000
   0.0000000
N
 6
  7
  7
  14.0070000
  Absorptionskanten
  30.9900000
   0.0000000
   0.0000000
   0.0000000
   0.0000000
   0.0000000
   0.0000000
   0.0000000
   0.0000000
  Atomkoordinaten
   0.3595000
   0.2110000
   1.1639000
  -0.3595000
   0.7110000
  -1.1639000
   0.0939000
   0.5800000
   0.3063000
  -0.0939000
   1.0800000
  -0.3063000
   0.9068000
   0.4331000
   0.7059000
  -0.9068000
   0.9331000
  -0.7059000
  DWF
 3
 2
 2
 2
   DWF-Koeffizienten
   0.0000000
   0.0000000
   0.0000000
   0.0000000
   0.0000000
   0.0000000
   0.0000000
   0.0000000
   0.0000000
   0.0000000
   0.0000000
   0.0000000
   0.0000000
   0.0000000
   0.0000000
   0.0000000
   0.0000000
   0.0000000
   0.0000000
   0.0000000
   0.0000000
   0.0000000
   0.0000000
   0.0000000
   0.0000000
   0.0000000
   0.0000000
  Atomstreufaktor
  12.2126000
   3.1322000
   2.0125000
   1.1663000
   0.0057000
   9.8933000
  28.9975000
   0.5826000
 -11.5290000
  Abschirmkonstanten
   0.0000000
   0.0000000
   0.0000000
   0.0000000
   0.0000000
   0.0000000
   0.0000000
   0.0000000
O
20
  8
  8
  15.9994000
  Absorptionskanten
  23.3200000
   0.0000000
   0.0000000
   0.0000000
   0.0000000
   0.0000000
   0.0000000
   0.0000000
   0.0000000
  Atomkoordinaten
   0.8583000
   0.2447000
   0.0051000
  -0.8583000
   0.7447000
  -0.0051000
   0.9669000
   0.2437000
   0.4572000
  -0.9669000
   0.7437000
  -0.4572000
   1.0920000
   0.1565000
   0.2234000
  -1.0920000
   0.6565000
  -0.2234000
   1.0769000
   0.3469000
   0.1941000
  -1.0769000
   0.8469000
  -0.1941000
   0.6064000
   0.2393000
   1.0746000
  -0.6064000
   0.7393000
  -1.0746000
   0.4935000
   0.2718000
   0.6668000
  -0.4935000
   0.7718000
  -0.6668000
   0.2218000
   0.4975000
   0.7646000
  -0.2218000
   0.9975000
  -0.7646000
   0.4596000
   0.5397000
   0.7988000
  -0.4596000
   1.0397000
  -0.7988000
   0.7824000
   0.4931000
   0.2229000
  -0.7824000
   0.9931000
  -0.2229000
   0.5454000
   0.4825000
   0.2317000
  -0.5454000
   0.9825000
  -0.2317000
  DWF
10
 2
 2
 2
 2
 2
 2
 2
 2
 2
 2
   DWF-Koeffizienten
   0.0000000  
   0.0000000
   0.0000000
   0.0000000
   0.0000000
   0.0000000
   0.0000000
   0.0000000
   0.0000000
   0.0000000
   0.0000000
   0.0000000
   0.0000000
   0.0000000
   0.0000000
   0.0000000
   0.0000000
   0.0000000
   0.0000000
   0.0000000
   0.0000000
   0.0000000
   0.0000000
   0.0000000
   0.0000000
   0.0000000
   0.0000000
   0.0000000
   0.0000000
   0.0000000
   0.0000000
   0.0000000
   0.0000000
   0.0000000
   0.0000000
   0.0000000
   0.0000000
   0.0000000
   0.0000000
   0.0000000
   0.0000000
   0.0000000
   0.0000000
   0.0000000
   0.0000000
   0.0000000
   0.0000000
   0.0000000
   0.0000000
   0.0000000
   0.0000000
   0.0000000
   0.0000000
   0.0000000
   0.0000000
   0.0000000
   0.0000000
   0.0000000
   0.0000000
   0.0000000
   0.0000000
   0.0000000
   0.0000000
   0.0000000
   0.0000000
   0.0000000
   0.0000000
   0.0000000
   0.0000000
   0.0000000
   0.0000000
   0.0000000
   0.0000000
   0.0000000
   0.0000000
   0.0000000
   0.0000000
   0.0000000
   0.0000000
   0.0000000
   0.0000000
   0.0000000
   0.0000000
   0.0000000
   0.0000000
   0.0000000
   0.0000000
   0.0000000
   0.0000000
   0.0000000
  Atomstreufaktor
   4.1916000
   1.6396900
   1.5267300
 -20.3070000
  12.8573000
   4.1723600
  47.0179000
  -0.0140400
  21.9412000
  Abschirmkonstanten
   0.0000000
   0.0000000
   0.0000000
   0.0000000
   0.0000000
   0.0000000
   0.0000000
   0.0000000
S
 2
 16
 16
  32.0600000
  Absorptionskanten
   5.0185000
   0.0000000
   0.0000000
   0.0000000
   0.0000000
   0.0000000
   0.0000000
   0.0000000
   0.0000000
  Atomkoordinaten
   0.9995000
   0.2500000
   0.2250000
  -0.9995000
   0.7500000
  -0.2250000
  DWF
 1
 2
   DWF-Koeffizienten
   0.0000000
   0.0000000
   0.0000000
   0.0000000
   0.0000000
   0.0000000
   0.0000000
   0.0000000
   0.0000000
  Atomstreufaktor
   6.9053000
   5.2034000
   1.4379000
   1.5863000
   1.4679000
  22.2151000
   0.2536000
  56.1720000
   0.8669000
  Abschirmkonstanten
   0.0000000
   0.0000000
   0.0000000
   0.0000000
   0.0000000
   0.0000000
   0.0000000
   0.0000000