TlAP (keine H-Atome beruecksichtigt)
   2.290000
 3
  Elementarzelle
 90
 90
 90
  10.0470000
  12.8780000
   6.6150000
Tl
 4
81
80
 204.3800000
  Absorptionskanten
   0.1449500
   0.8081000
   0.8434000
   0.9793000
   3.3460000
   3.6340000
   4.1980000
   4.9520000
   5.1530000
  Atomkoordinaten
  -0.1027700 -0.0476000  0.2500000
   0.1027700  0.0476000  0.7500000
   0.3972300  0.0476000  0.2500000
   0.6027700 -0.0476000  0.7500000
  DWF
 1
 4
   DWF-Koeffizienten
   0.0000000
   0.0000000
   0.0000000
   0.0000000
   0.0000000
   0.0000000
   0.0000000
   0.0000000
   0.0000000
  Atomstreufaktor
  21.3985000
  20.4723000
  18.7478000
   6.8284700
   1.4711000
   0.5173940
   7.4346300
  28.8482000
  12.5258000
  Abschirmkonstanten
  79.4409000
  29.8421000
  38.2431000
  19.1397000
  19.4555000
  11.5197000
  22.5114000
  11.3042000
C
32
 6
 6
  12.0100000
  Absorptionskanten
  43.6800000
   0.0000000
   0.0000000
   0.0000000
   0.0000000
   0.0000000
   0.0000000
   0.0000000
   0.0000000
  Atomkoordinaten
   0.0590000  0.1630000  0.2540000
  -0.0590000 -0.1630000  0.7540000
   0.5590000 -0.1630000  0.2540000
   0.4410000  0.1630000  0.7540000
   0.0520000  0.2660000  0.1240000
  -0.0520000 -0.2660000  0.6240000
   0.5520000 -0.2660000  0.1240000
   0.4480000  0.2660000  0.6240000
   0.1630000  0.3250000  0.1440000
  -0.1630000 -0.3250000  0.6440000
   0.6630000 -0.3250000  0.1440000
   0.3370000  0.3250000  0.6440000
   0.1670000  0.4270000  0.0420000
  -0.1670000 -0.4270000  0.5420000
   0.6670000 -0.4270000  0.0420000
   0.3330000  0.4270000  0.5420000
   0.0560000  0.4560000 -0.0720000
  -0.0560000 -0.4560000  0.4280000
   0.5560000 -0.4560000 -0.0720000
   0.4440000  0.4560000  0.4280000
  -0.0580000  0.3920000 -0.0860000
   0.0580000 -0.3920000  0.4140000
   0.4420000 -0.3920000 -0.0860000
   0.5580000  0.3920000  0.4140000
  -0.0570000  0.2960000  0.0140000
   0.0570000 -0.2960000  0.5140000
   0.4430000 -0.2960000  0.0140000
   0.5570000  0.2960000  0.5140000
  -0.1760000  0.2290000 -0.0200000
   0.1760000 -0.2290000  0.4800000
   0.3240000 -0.2290000 -0.0200000
   0.6760000  0.2290000  0.4800000
  DWF
 1
 32
   DWF-Koeffizienten
   0.0000000
   0.0000000
   0.0000000
   0.0000000
   0.0000000
   0.0000000
   0.0000000
   0.0000000
   0.0000000
  Atomstreufaktor
   2.2606900
   1.5616500
   1.0507500
   0.8392590
  22.6907000
   0.6566650
   9.7561800
  55.5949000
   0.2869770
  Abschirmkonstanten
   0.3300000
   2.7800000
   2.8600000
   0.0000000
   0.0000000
   0.0000000
   0.0000000
   0.0000000
O
16
 8
 8
  15.9990000
  Absorptionskanten
  23.3200000
   0.0000000
   0.0000000
   0.0000000
   0.0000000
   0.0000000
   0.0000000
   0.0000000
   0.0000000
  Atomkoordinaten
   0.1370000  0.0970000  0.1900000
  -0.1370000 -0.0970000  0.6900000
   0.6370000 -0.0970000  0.1900000
   0.3630000  0.0970000  0.6900000
  -0.0200000  0.1590000  0.3940000
   0.0200000 -0.1590000  0.8940000
   0.4800000 -0.1590000  0.3940000
   0.5200000  0.1590000  0.8940000
  -0.1640000  0.1320000 -0.0080000
   0.1640000 -0.1320000  0.4920000
   0.3360000 -0.1320000 -0.0080000
   0.6640000  0.1320000  0.4920000
  -0.2880000  0.2750000 -0.0430000
   0.2880000 -0.2750000  0.4570000
   0.2120000 -0.2750000 -0.0430000
   0.7880000  0.2750000  0.4570000
  DWF
 1
 16
 DWF-Koeffizienten
   0.0000000
   0.0000000
   0.0000000
   0.0000000
   0.0000000
   0.0000000
   0.0000000
   0.0000000
   0.0000000
  Atomstreufaktor
   4.1916000
   1.6396900
   1.5267300
 -20.3070000
  12.8573000
   4.1723600
  47.0179000
  -0.0140400
  21.9412000
  Abschirmkonstanten
   0.3400000
   3.5100000
   3.5500000
   0.0000000
   0.0000000
   0.0000000
   0.0000000
   0.0000000
------------------------------
23.08.1995 Markus Vollbrecht; Fitparameter Tl: fuer Tl+
Struktur: Fulton R.D. et al., Acta Cryst. C46, 1621 (1990) 
 - bessere šbereinstimmung mit Gitterkonstantenmessungen als chin. Arbeiten
Summenformel: C6H4(COOH)(COO)Tl -> Henke