YAG
   4.5500000
 4
  Elementarzelle
 90
 90
 90
  12.0100000
  12.0100000
  12.0100000
Y
24
 39
 39
  88.9050000
  Absorptionskanten
   0.8288400
   5.2170000
   5.7560000
   5.9620000
   0.0000000
   0.0000000
   0.0000000
   0.0000000
   0.0000000
  Atomkoordinaten
   0.1250000
   0.0000000
   0.2500000
   0.2500000
   0.1250000
   0.0000000
   0.0000000
   0.2500000
   0.1250000
   0.6250000
   0.0000000
   0.2500000
   0.2500000
   0.6250000
   0.0000000
   0.0000000
   0.2500000
   0.6250000
   0.6250000
   0.5000000
   0.7500000
   0.7500000
   0.6250000
   0.5000000
   0.5000000
   0.7500000
   0.6250000
   0.1250000
   0.5000000
   0.7500000
   0.7500000
   0.1250000
   0.5000000
   0.5000000
   0.7500000
   0.1250000
   0.8750000
   0.0000000
   0.7500000
   0.7500000
   0.8750000
   0.0000000
   0.0000000
   0.7500000
   0.8750000
   0.3750000
   0.0000000
   0.7500000
   0.7500000
   0.3750000
   0.0000000
   0.0000000
   0.7500000
   0.3750000
   0.3750000
   0.5000000
   0.2500000
   0.2500000
   0.3750000
   0.5000000
   0.5000000
   0.2500000
   0.3750000
   0.8750000
   0.5000000
   0.2500000
   0.2500000
   0.8750000
   0.5000000
   0.5000000
   0.2500000
   0.8750000
  DWF
 1
24
   DWF-Koeffizienten
   0.0000000
   0.0000000
   0.0000000
   0.0000000
   0.0000000
   0.0000000
   0.0000000
   0.0000000
   0.0000000
  Atomstreufaktor
  17.7760000
  10.2946000
   5.7262900
   3.2658800
   1.4029000
  12.8006000
   0.1256000
 104.3540000
   1.9121300
  Abschirmkonstanten
   0.0000000
   0.0000000
   0.0000000
   0.0000000
   0.0000000
   0.0000000
   0.0000000
   0.0000000
Al
16
 13
 13
  26.9800000
  Absorptionskanten
   7.9481300
 142.5000000
 170.4000000
 170.4000000
   0.0000000
   0.0000000
   0.0000000
   0.0000000
   0.0000000
  Atomkoordinaten
   0.0000000
   0.0000000
   0.0000000
   0.5000000
   0.5000000
   0.0000000
   0.0000000
   0.5000000
   0.5000000
   0.5000000
   0.0000000
   0.5000000
   0.2500000
   0.2500000
   0.2500000
   0.7500000
   0.7500000
   0.2500000
   0.2500000
   0.7500000
   0.7500000
   0.7500000
   0.2500000
   0.7500000
   0.5000000
   0.5000000
   0.5000000
   0.0000000
   0.0000000
   0.5000000
   0.5000000
   0.0000000
   0.0000000
   0.0000000
   0.5000000
   0.0000000
   0.7500000
   0.7500000
   0.7500000
   0.2500000
   0.2500000
   0.7500000
   0.7500000
   0.2500000
   0.2500000
   0.2500000
   0.7500000
   0.2500000
  DWF
 1
16
   DWF-Koeffizienten
   0.0000000
   0.0000000
   0.0000000
   0.0000000
   0.0000000
   0.0000000
   0.0000000
   0.0000000
   0.0000000
  Atomstreufaktor
   6.4202000
   1.9002000
   1.5936000
   1.9646000
   3.0387000
   0.7426000
  31.5472000
  85.0886000
   1.1151000
  Abschirmkonstanten
   0.0000000
   0.0000000
   0.0000000
   0.0000000
   0.0000000
   0.0000000
   0.0000000
   0.0000000
Al
24
 13
 13
  26.9800000
  Absorptionskanten
  7.9481300
 142.5000000
 170.4000000
 170.4000000
   0.0000000
   0.0000000
   0.0000000
   0.0000000
   0.0000000
  Atomkoordinaten
   0.3750000
   0.0000000
   0.2500000
   0.2500000
   0.3750000
   0.0000000
   0.0000000
   0.2500000
   0.3750000
   0.8750000
   0.0000000
   0.2500000
   0.2500000
   0.8750000
   0.0000000
   0.0000000
   0.2500000
   0.8750000
   0.6250000
   0.0000000
   0.7500000
   0.7500000
   0.6250000
   0.0000000
   0.0000000
   0.7500000
   0.6250000
   0.1250000
   0.0000000
   0.7500000
   0.7500000
   0.1250000
   0.0000000
   0.0000000
   0.7500000
   0.1250000
   0.8750000
   0.5000000
   0.7500000
   0.7500000
   0.8750000
   0.5000000
   0.5000000
   0.7500000
   0.8750000
   0.3750000
   0.5000000
   0.7500000
   0.7500000
   0.3750000
   0.5000000
   0.5000000
   0.7500000
   0.3750000
   0.1250000
   0.5000000
   0.2500000
   0.2500000
   0.1250000
   0.5000000
   0.5000000
   0.2500000
   0.1250000
   0.6250000
   0.5000000
   0.2500000
   0.2500000
   0.6250000
   0.5000000
   0.5000000
   0.2500000
   0.6250000
  DWF
 1
24
   DWF-Koeffizienten
   0.0000000
   0.0000000
   0.0000000
   0.0000000
   0.0000000
   0.0000000
   0.0000000
   0.0000000
   0.0000000
  Atomstreufaktor
  6.4202000
   1.9002000
   1.5936000
   1.9646000
   3.0387000
   0.7426000
  31.5472000
  85.0886000
   1.1151000
  Abschirmkonstanten
   0.0000000
   0.0000000
   0.0000000
   0.0000000
   0.0000000
   0.0000000
   0.0000000
   0.0000000
O
96
  8
  8
  16.0000000
  Absorptionskanten
  23.3200000
   0.0000000
   0.0000000
   0.0000000
   0.0000000
   0.0000000
   0.0000000
   0.0000000
   0.0000000
  Atomkoordinaten
   0.0400000
   0.0550000
   0.1500000
   0.5400000
   0.4450000
   0.8500000
   0.9600000
   0.5550000
   0.3500000
   0.4600000
   0.9450000
   0.6500000
   0.3050000
   0.2900000
   0.4000000
   0.8050000
   0.2100000
   0.6000000
   0.6950000
   0.7900000
   0.1000000
   0.1950000
   0.7100000
   0.9000000
   0.9600000
   0.9450000
   0.8500000
   0.4600000
   0.5550000
   0.1500000
   0.0400000
   0.4450000
   0.6500000
   0.5400000
   0.0550000
   0.3500000
   0.6950000
   0.7100000
   0.6000000
   0.1950000
   0.7900000
   0.4000000
   0.3050000
   0.2100000
   0.9000000
   0.8050000
   0.2900000
   0.1000000
   0.5400000
   0.5550000
   0.6500000
   0.0400000
   0.9450000
   0.3500000
   0.4600000
   0.0550000
   0.8500000
   0.9600000
   0.4450000
   0.1500000
   0.8050000
   0.7900000
   0.9000000
   0.3050000
   0.7100000
   0.1000000
   0.1950000
   0.2900000
   0.6000000
   0.6950000
   0.2100000
   0.4000000
   0.4600000
   0.4450000
   0.3500000
   0.9600000
   0.0550000
   0.6500000
   0.5400000
   0.9450000
   0.1500000
   0.0400000
   0.5550000
   0.8500000
   0.1950000
   0.2100000
   0.1000000
   0.6950000
   0.2900000
   0.9000000
   0.8050000
   0.7100000
   0.4000000
   0.3050000
   0.7900000
   0.6000000
   0.0550000
   0.1500000
   0.0400000
   0.5550000
   0.3500000
   0.9600000
   0.9450000
   0.6500000
   0.4600000
   0.4450000
   0.8500000
   0.5400000
   0.4000000
   0.3050000
   0.2900000
   0.9000000
   0.1950000
   0.7100000
   0.6000000
   0.8050000
   0.2100000
   0.1000000
   0.6950000
   0.7900000
   0.9450000
   0.8500000
   0.9600000
   0.4450000
   0.6500000
   0.0400000
   0.0550000
   0.3500000
   0.5400000
   0.5550000
   0.1500000
   0.4600000
   0.6000000
   0.6950000
   0.7100000
   0.1000000
   0.8050000
   0.2900000
   0.4000000
   0.1950000
   0.7900000
   0.9000000
   0.3050000
   0.2100000
   0.5550000
   0.6500000
   0.5400000
   0.0550000
   0.8500000
   0.4600000
   0.4450000
   0.1500000
   0.9600000
   0.9450000
   0.3500000
   0.0400000
   0.9000000
   0.8050000
   0.7900000
   0.4000000
   0.6950000
   0.2100000
   0.1000000
   0.3050000
   0.7100000
   0.6000000
   0.1950000
   0.2900000
   0.4450000
   0.3500000
   0.4600000
   0.9450000
   0.1500000
   0.5400000
   0.5550000
   0.8500000
   0.0400000
   0.0550000
   0.6500000
   0.9600000
   0.1000000
   0.1950000
   0.2100000
   0.6000000
   0.3050000
   0.7900000
   0.9000000
   0.6950000
   0.2900000
   0.4000000
   0.8050000
   0.7100000
   0.1500000
   0.0400000
   0.0550000
   0.6500000
   0.4600000
   0.9450000
   0.8500000
   0.5400000
   0.4450000
   0.3500000
   0.9600000
   0.5550000
   0.2900000
   0.4000000
   0.3050000
   0.7900000
   0.1000000
   0.6950000
   0.7100000
   0.9000000
   0.1950000
   0.2100000
   0.6000000
   0.8050000
   0.8500000
   0.9600000
   0.9450000
   0.3500000
   0.5400000
   0.0550000
   0.1500000
   0.4600000
   0.5550000
   0.6500000
   0.0400000
   0.4450000
   0.7100000
   0.6000000
   0.6950000
   0.2100000
   0.9000000
   0.3050000
   0.2900000
   0.1000000
   0.8050000
   0.7900000
   0.4000000
   0.1950000
   0.6500000
   0.5400000
   0.5550000
   0.1500000
   0.9600000
   0.4450000
   0.3500000
   0.0400000
   0.9450000
   0.8500000
   0.4600000
   0.0550000
   0.7900000
   0.9000000
   0.8050000
   0.2900000
   0.6000000
   0.1950000
   0.2100000
   0.4000000
   0.6950000
   0.7100000
   0.1000000
   0.3050000
   0.3500000
   0.4600000
   0.4450000
   0.8500000
   0.0400000
   0.5550000
   0.6500000
   0.9600000
   0.0550000
   0.1500000
   0.5400000
   0.9450000
   0.2100000
   0.1000000
   0.1950000
   0.7100000
   0.4000000
   0.8050000
   0.7900000
   0.6000000
   0.3050000
   0.2900000
   0.9000000
   0.6950000
   DWF
 1
96
   DWF-Koeffizienten
   0.0000000
   0.0000000
   0.0000000
   0.0000000
   0.0000000
   0.0000000
   0.0000000
   0.0000000
   0.0000000
  Atomstreufaktor
   3.0485000
   2.2868000
   1.5463000
   0.8670000
  13.2771000
   5.7011000
   0.3239000
  32.9089000
   0.2508000
  Abschirmkonstanten
   0.0000000
   0.0000000
   0.0000000
   0.0000000
   0.0000000
   0.0000000
   0.0000000
   0.0000000
