YBCO
4.457
4
Elementarzelle
90
90
90
3.8876
3.8256
11.6623
Y
1
39
39
89.906
Absorptionskanten
0.727681
5.225930
5.752039
5.960826
31.500305
39.687964
41.287113
77.684962
78.770775
Atomkoordinaten
0.500000
0.500000
0.500000
DWF
1
1
DWF-Koeffizienten
0.0000000
0.0000000
0.0000000
0.0000000
0.0000000
0.0000000
0.0000000
0.0000000
0.0000000
Atomstreufaktoren
17.7760
10.2946
5.72629
3.26588
1.40290
12.8006
0.125599
104.354
1.91213
Abschirmkonstanten
0.000000
0.000000
0.000000
0.000000
0.000000
0.000000
0.000000
0.000000
Ba
2
56
56
137.33
Absorptionskanten
0.331152
2.070284
2.204730
2.362973
9.590439
10.907469
11.672491
15.574074
15.881286
Atomkoordinaten
0.5000000
0.5000000
0.1865000
0.5000000
0.5000000
0.8135000
DWF
1
2
DWF-Koeffizienten
0.0000000
0.0000000
0.0000000
0.0000000
0.0000000
0.0000000
0.0000000
0.0000000
0.0000000
Atomstreufaktoren
20.3361
19.2970
10.8880
2.69590
3.21600
0.27560
20.2073
167.202
2.77310
Abschirmkonstanten
0.00000
0.00000
0.00000
0.00000
0.00000
0.00000
0.00000
0.00000
Cu
3
29
29
63.546
Absorptionskanten
1.380850
11.306329
13.03735
13.315992
103.49349
168.45815
0.0000000
7749.0750
0.0000000
Atomkoordinaten
0.0000000
0.0000000
0.0000000
0.0000000
0.0000000
0.3572000
0.0000000
0.0000000
0.6428000
DWF
1
3
DWF-Koeffizienten
0.0000000
0.0000000
0.0000000
0.0000000
0.0000000
0.0000000
0.0000000
0.0000000
0.0000000
Atomstreufaktor
13.3380
7.16760
5.61580
1.67350
3.58280
0.24700
11.3966
64.8126
1.19100
Abschirmkonstanten
0.00000
0.00000
0.00000
0.00000
0.00000
0.00000
0.00000
0.00000
O
7
8
8
16.00
Absorptionskanten
23.305489
523.14430
0.0000000
0.0000000
0.0000000
0.0000000
0.0000000
0.0000000
0.0000000
Atomkoordinaten
0.5000000
0.0000000
0.0000000
0.0000000
0.0000000
0.1585000
0.0000000
0.0000000
0.8415000
0.0000000
0.5000000
0.3791000
0.0000000
0.5000000
0.6209000
0.5000000
0.0000000
0.3740000
0.5000000
0.0000000
0.6260000
DWF
1
7
DWF-Koeffizienten
0.000000000
0.000000000
0.000000000
0.000000000
0.000000000
0.000000000
0.000000000
0.000000000
0.000000000
Atomstreufaktor
3.04850
2.28680
1.54630
0.86700
13.2771
5.70110
0.32390
32.9089
0.25080
Abschirmkonstanten
0.000000000
0.000000000
0.000000000
0.000000000
0.000000000
0.000000000
0.000000000
0.000000000

