Im(l')		r(l)		s(Im(l'))	s(r(l))		q(l)		s(q(l))		Count
0.00276173612	0.0302485098	0.000131423065	0.00293390247	0.278015793	0.00394817559	104
0.00757058129	0.0712822205	0.000143358106	0.00467150298	0.248202381	0.00413787087	94
0.0124341745	0.126456157	0.000153585139	0.00770247594	0.24216495	0.00513148033	86
0.0175437313	0.201833835	0.000152439675	0.00770366373	0.265714038	0.00621758875	97
0.0227313253	0.269880795	0.000149865078	0.00836248308	0.306096284	0.00962616805	91
0.027568787	0.3370988	0.000145661288	0.00809567005	0.362077242	0.00958649622	94
0.0325570661	0.375015019	0.000144895865	0.00839189573	0.380986192	0.0110258096	105
0.0375389831	0.410752528	0.00013864521	0.00716540748	0.419804598	0.0114221883	115
0.0424701547	0.466929614	0.000139697203	0.00563291825	0.485196819	0.00991931526	112
0.0474878215	0.488121165	0.000128131337	0.00493627745	0.519833061	0.0104526059	134
0.0525104354	0.511539351	0.000122391947	0.00435961083	0.563441729	0.0086060807	136
0.0575244231	0.528050898	0.00012153399	0.00433740575	0.587272996	0.00801936538	147
0.0625455784	0.550862121	0.00011863347	0.00371841046	0.61412434	0.00754403618	159
0.0674528093	0.56793008	0.000110431234	0.00305141835	0.642061252	0.00642730285	161
0.0717912833	0.595178956	0.000159512239	0.00410223708	0.686000043	0.00884552682	70
