Im(l')		r(l)		s(Im(l'))	s(r(l))		q(l)		s(q(l))		Count
0.000206660089	0.00240764127	inf		inf		0.675440038	inf		1

















































0.254915886	0.00171238641	inf		inf		0.662972285	inf		1

0.261686561	0.00333682606	inf		inf		0.745239052	inf		1



0.281816477	0.00716841418	inf		inf		0.736421504	inf		1

0.291830793	0.00580009235	inf		inf		0.719233111	inf		1
0.296944455	0.0147003875	0.00101454213	0.00168294958	0.680689201	0.0121218275	3
0.302459393	0.012581504	0.000409637801	0.00176986831	0.714437654	0.00901193506	14
0.307377417	0.02773776	0.00031841186	0.00289000947	0.698007096	0.00666263806	19
0.31265224	0.0417278797	0.000214337278	0.00394308493	0.66600728	0.00728593681	41
0.317818379	0.0629605973	0.000179539226	0.00533989029	0.639225563	0.00669176092	53
0.322567884	0.142484902	0.000146513104	0.00679870208	0.631535213	0.00526986773	99
0.327645501	0.245600415	0.000125533506	0.00718436321	0.641258526	0.0061848449	123
0.332529369	0.350032448	0.000116912531	0.00553262644	0.670196313	0.00494461826	154
0.337525375	0.452836915	0.000105816805	0.00484407269	0.714320534	0.00432722895	188
0.342606352	0.550402169	9.79411573e-05	0.00331266354	0.765196728	0.00307953758	219
0.347574611	0.612410035	9.24322251e-05	0.00259299724	0.79900428	0.00227375762	249
0.352507898	0.652916289	8.71635581e-05	0.00248761173	0.817558001	0.00223552566	274
0.35750325	0.689583352	8.33122264e-05	0.00176446728	0.83757431	0.0014994701	295
0.362502957	0.717483177	8.18396378e-05	0.00142621314	0.853645834	0.00126125109	316
0.367501202	0.739520803	7.90572717e-05	0.00140045709	0.865526642	0.00111357349	335
0.372525085	0.757781402	7.71450112e-05	0.0010219131	0.875897663	0.000794641449	350
0.377530496	0.773959956	7.54914074e-05	0.000976789162	0.884261933	0.000718537046	365
0.382421125	0.786311214	7.45237958e-05	0.000915841427	0.890524126	0.000711159004	362
0.385552904	0.795485873	6.73154027e-05	0.00291275203	0.895590206	0.00227968353	31
