Im(l')		r(l)		s(Im(l'))	s(r(l))		q(l)		s(q(l))		Count















































































































0.557134443	0.0178568435	inf		inf		0.73682049	inf		1
0.563501994	0.0361385737	0.000296652557	0.00382234946	0.721470048	0.00750383223	19
0.567870734	0.0814173013	0.000154535946	0.00494465894	0.664337337	0.00530786875	87
0.572896832	0.290554595	9.96773744e-05	0.00763922573	0.681659132	0.00405258244	195
0.577627036	0.514855942	7.62057309e-05	0.00350191718	0.764559137	0.00239442511	346
0.582565823	0.639569066	6.87712048e-05	0.00229141598	0.81794571	0.00172787756	438
0.587543915	0.706556118	6.34670711e-05	0.00145327273	0.84937547	0.00115422289	502
0.592498472	0.753746379	6.10034273e-05	0.000969582037	0.874599773	0.000703024075	561
0.597513156	0.775675004	5.89775778e-05	0.000903453876	0.884089022	0.000707349832	587
0.602548923	0.79719422	5.83520038e-05	0.000722341391	0.896816473	0.00051764975	627
0.607486086	0.806773644	6.112318e-05	0.000765324921	0.901037965	0.000552497446	543
0.612432704	0.818432627	6.7891706e-05	0.000701679016	0.907807048	0.000521858256	431
0.617398491	0.828922172	7.49253859e-05	0.000728841715	0.913106455	0.000536160902	387
0.622048835	0.836232299	8.88724124e-05	0.000952462458	0.917217295	0.000710020474	230
0.626901921	0.842533251	0.000259362178	0.00137875445	0.920598662	0.00117781936	37
0.630743796	0.85140202	0.000161507105	0.00285880384	0.926847114	0.00172116971	8
