Im(l')		r(l)		s(Im(l'))	s(r(l))		q(l)		s(q(l))		Count
0.00276755287	0.0231952693	0.000209042435	0.00379171389	0.285868426	0.00672715931	45
0.00765973074	0.0683466661	0.00024145565	0.0101093735	0.265539066	0.0103243788	31
0.0126293116	0.139519631	0.000244429435	0.0156177911	0.269363927	0.012448661	29
0.0176641568	0.2077101	0.00028091584	0.0165470789	0.301627383	0.0165511008	33
0.0225725175	0.291759494	0.000260562099	0.0183415004	0.35819509	0.0209777636	34
0.0275431621	0.314443564	0.00024105742	0.0166220254	0.352517006	0.0226080205	36
0.0327592586	0.34804586	0.000223570834	0.0168313437	0.374899219	0.0228232304	40
0.0373511717	0.411405384	0.000216190946	0.0101979338	0.451373853	0.0208038828	43
0.0424427845	0.429820341	0.000208364378	0.0125475541	0.481381128	0.0186738853	49
0.0475222567	0.477561206	0.000193673919	0.00777350455	0.549196373	0.0138477477	57
0.0526886656	0.517566186	0.000189013221	0.00817254217	0.604580411	0.0133553489	56
0.0575295559	0.516739907	0.000195090526	0.00740410403	0.579746957	0.0149165944	61
0.0624494247	0.545726813	0.000165176	0.00652835547	0.647387822	0.0117526787	68
0.0674518931	0.556294513	0.000175093386	0.00643239784	0.633658563	0.0129219389	71
0.0725622392	0.581391863	0.000166518262	0.00476518054	0.680565241	0.00835694916	78
0.0775061157	0.600608257	0.000163554187	0.00391511619	0.693814734	0.00702700752	83
0.0826273535	0.615153711	0.000157720786	0.00439765502	0.711751061	0.00845080708	87
0.0873029747	0.629714862	0.000151140392	0.00356164636	0.742224094	0.00612720564	80
0.0908883702	0.599750494	0.000245068599	0.0182307391	0.704749052	0.0325820346	5
