Im(l')		r(l)		s(Im(l'))	s(r(l))		q(l)		s(q(l))		Count
0.00111210057	0.00429391969	0.000340137577	0.000726848928	0.517107071	0.0138147329	9
0.00627330907	0.00111297304	inf		inf		0.560886131	inf		1
0.0125756109	0.00164921029	inf		inf		0.489610684	inf		1


0.0274664058	0.00187064312	inf		inf		0.577187902	inf		1




0.0537316727	0.0203332515	inf		inf		0.696330062	inf		1


0.065403472	0.00850405322	inf		inf		0.626493658	inf		1

0.0789083951	0.0133188673	inf		inf		0.724119312	inf		1
0.084785703	0.0132293028	inf		inf		0.713037598	inf		1
0.0880653717	0.0124655658	0.000737959221	0.00114758364	0.628783286	0.0318131683	4
0.093157323	0.0175910054	0.000528085077	0.0049887248	0.723072722	0.0116395514	3
0.0973437852	0.0244283314	0.000347678501	0.00446583135	0.691702939	0.0103378195	10
0.102715274	0.0248069558	0.000510633028	0.00376790534	0.668888335	0.0219166909	10
0.108202817	0.0438356753	0.000320410484	0.00718034522	0.663335396	0.0135369055	10
0.112880489	0.0600551673	0.000339558508	0.00689909467	0.658620073	0.0100755153	21
0.117213975	0.0909562526	0.00029795729	0.00923666923	0.628136794	0.0107762358	24
0.122713007	0.12724468	0.000231971934	0.00790687686	0.61657192	0.00792022222	44
0.127511052	0.186301369	0.000218182021	0.0108148481	0.63056499	0.00802300754	44
0.132616362	0.232655762	0.000198131717	0.00981073201	0.634606511	0.00749734486	56
0.137636912	0.3052238	0.000189466196	0.00984722837	0.648657647	0.00829593116	63
0.142528945	0.351344559	0.000166774675	0.00886661148	0.653718782	0.00711398329	75
0.14747823	0.410093213	0.000160528895	0.00810533898	0.670286967	0.00708321857	77
0.152442293	0.463292899	0.000155019173	0.00716652951	0.696329623	0.00642099918	91
0.157538456	0.50371704	0.000153163791	0.00672858684	0.714138908	0.00648946422	96
0.162524385	0.542329432	0.000137921972	0.00561280853	0.74520959	0.00561445153	106
0.167519601	0.576545127	0.000135536352	0.00487020747	0.760817583	0.00443971104	114
0.172545547	0.605900813	0.000130247033	0.00330162134	0.779939614	0.00307292994	126
0.17757804	0.632080271	0.000128033417	0.00360803602	0.792778785	0.00309529547	133
0.182506383	0.65352614	0.000120811256	0.00274050802	0.805926115	0.00248500371	140
0.187511738	0.673330314	0.000117466255	0.00289665932	0.819533408	0.00266289046	150
0.192528181	0.692635493	0.000114809604	0.00213313797	0.831549791	0.00192569137	158
0.197515509	0.708827364	0.000113658569	0.00211555282	0.840858299	0.00196057889	167
0.202526989	0.720980133	0.000109279501	0.00192531068	0.846913765	0.0017131966	176
0.206217131	0.729703259	0.000101282597	0.00336147034	0.852691335	0.00290550731	67
