Im(l')		r(l)		s(Im(l'))	s(r(l))		q(l)		s(q(l))		Count
0.00203438197	0.012547941	0.000249557838	0.00186965025	0.381832343	0.00923279586	31
0.00721644129	0.0272762627	0.000483706075	0.0105627955	0.366959623	0.024078313	11
0.0129735758	0.0450216381	0.000358166355	0.0130500542	0.410357286	0.0286522723	9
0.0181350646	0.062417462	0.000311504175	0.0175689701	0.398004094	0.0338577215	12
0.0223416492	0.10192121	0.000431053075	0.0206424265	0.365278284	0.03112163	9
0.0272698184	0.16420193	0.000327588796	0.0157612808	0.471430274	0.0233169044	22
0.0327662051	0.19292611	0.000277432856	0.0135681746	0.515979527	0.0192941708	24
0.0375824839	0.251007236	0.000241332378	0.013136781	0.495078211	0.0220354323	29
0.0425923366	0.297986317	0.000252267942	0.0152913531	0.501123778	0.0237091359	35
0.0477397563	0.342005031	0.000246358191	0.0138351051	0.545412735	0.0211522371	37
0.0525855756	0.431541291	0.000232472822	0.00870181625	0.586066274	0.0159801583	38
0.0574316878	0.45147528	0.000212151713	0.0104217534	0.604240711	0.0166194847	46
0.0625119536	0.467940952	0.000202127348	0.00952580629	0.633581487	0.0103191875	52
0.067451694	0.514742057	0.000195667994	0.00756947068	0.669415133	0.0109596927	55
0.0723233686	0.522793839	0.00018980338	0.00674493074	0.669530721	0.00919496355	61
0.0774715176	0.54425152	0.000178298173	0.00630358582	0.682177884	0.00937423252	67
0.0825160535	0.570019263	0.00017551644	0.0061202975	0.71283737	0.00846369506	72
0.0875297916	0.591151842	0.000165409368	0.00541323422	0.728597789	0.00663173953	78
0.0925786721	0.608652887	0.000156939697	0.00434689916	0.742117687	0.00596211779	83
0.0974127719	0.626069498	0.000153610229	0.00396836576	0.75797773	0.00567999276	87
0.102530165	0.63671044	0.000148851945	0.00345805643	0.765091475	0.00419090617	100
0.107597339	0.654813895	0.000145415974	0.0043460465	0.77683602	0.00561900909	97
0.112530293	0.66146367	0.000140143073	0.00323502784	0.781252924	0.00434098804	104
0.116947071	0.670802129	0.000152123419	0.00306703223	0.797550754	0.00335749401	77
0.120285261	0.678668209	0.000145144055	0.0376977587	0.808439026	0.0331342114	3
