Im(l')		r(l)		s(Im(l'))	s(r(l))		q(l)		s(q(l))		Count
0.000767687218	0.00190850429	0.000606394742	0.000432975064	0.580185376	0.0279207979	3
0.00688788087	0.00112437687	inf		inf		0.577421234	inf		1

0.0172501573	0.00198676004	inf		inf		0.534368309	inf		1



















0.1153525	0.00855037281	inf		inf		0.722265886	inf		1



0.139437555	0.00993630518	inf		inf		0.710781296	inf		1
0.143467602	0.00696972886	inf		inf		0.658073549	inf		1
0.149036018	0.0116836243	inf		inf		0.733569796	inf		1
0.152292101	0.00725322464	0.000336821	0.00061260473	0.656533471	0.0391524096	2
0.158675304	0.00599976952	inf		inf		0.578222977	inf		1
0.164133795	0.0132007277	0.000374324707	0.00307278649	0.709680404	0.00401373464	5
0.167341679	0.019105906	0.00038638212	0.00284747628	0.704343281	0.0103660194	10
0.172379502	0.0172742701	0.000537154999	0.00158121415	0.68137151	0.0130469614	9
0.177367394	0.0237434751	0.000359392194	0.0028615041	0.655442719	0.0187445093	12
0.183133341	0.0357578898	0.000282959151	0.00387212073	0.67419734	0.0097846489	23
0.18774863	0.0589774254	0.000233525823	0.005675864	0.646227971	0.0117548756	35
0.192502295	0.108479663	0.000189576696	0.00734907741	0.62586448	0.00710062051	52
0.197543701	0.165860048	0.000177105856	0.00817796127	0.625247727	0.00669343959	67
0.202684809	0.24107846	0.00017948981	0.00886535677	0.634487347	0.00808877217	75
0.207710232	0.329402316	0.000149333648	0.00776423424	0.659939571	0.00641299811	94
0.212571275	0.386092664	0.000139834804	0.00709085945	0.672428269	0.00721593885	105
0.217593928	0.443242887	0.000136161623	0.00626624027	0.697218149	0.00586603324	119
0.222638347	0.502685082	0.000126613058	0.00483687628	0.725481625	0.00497649354	134
0.227593429	0.556967384	0.00011636899	0.003902679	0.757422805	0.00370532672	143
0.232548076	0.590350729	0.000117290904	0.00354767318	0.777493144	0.00358607597	153
0.237493971	0.621357796	0.000112431939	0.00306337079	0.794189025	0.00279284598	168
0.242516664	0.655429653	0.000107870446	0.00261350187	0.813318953	0.00237740511	185
0.2475441	0.677650586	0.000102829697	0.00233526367	0.827092428	0.00221687899	191
0.252504017	0.694198422	0.000101401195	0.00215596945	0.835860367	0.00180916484	209
0.2575759	0.71402275	9.86561132e-05	0.00185587922	0.846832948	0.00162897138	218
0.262516118	0.730244435	9.43876089e-05	0.00169350729	0.855786623	0.0014103714	229
0.267337307	0.745055457	9.10843922e-05	0.00161117866	0.865324584	0.00125446254	220
0.270946222	0.755194908	0.000149469666	0.00452153111	0.873812058	0.0033391229	20
