Im(l')		r(l)		s(Im(l'))	s(r(l))		q(l)		s(q(l))		Count
0.00258477869	0.0186207458	0.000223789154	0.00288795948	0.327665034	0.00762193862	38
0.00732668381	0.049338939	0.000327527075	0.0106037543	0.299680611	0.0148669679	24
0.0126251085	0.105709211	0.00029110933	0.0162446546	0.282583659	0.00909303781	25
0.0178033108	0.169409894	0.000324375707	0.0135986109	0.333537761	0.0191711403	24
0.0225116255	0.186401355	0.000295507696	0.0175787912	0.338362795	0.0203919099	25
0.0274393176	0.242067804	0.000241432171	0.0159276387	0.402811639	0.0245456237	30
0.0324854886	0.297319832	0.000231661609	0.0148512756	0.409877635	0.0172417777	38
0.0374529627	0.331516929	0.00025372004	0.0145819673	0.424782944	0.0217046934	34
0.0423714323	0.393766126	0.000230228384	0.00807106328	0.47642133	0.0135968432	45
0.0475580511	0.416618263	0.000208820416	0.0119945813	0.489864455	0.0197320921	48
0.052425025	0.454264127	0.000200216529	0.0100092574	0.509744971	0.0185297225	48
0.057406586	0.472060678	0.000195540124	0.00761951472	0.529266177	0.0167572547	53
0.0624668699	0.508723522	0.000190258693	0.00863454175	0.589316697	0.0141056637	64
0.0676169517	0.53306911	0.000186233671	0.00859986825	0.61470753	0.0134226551	63
0.0724771028	0.545632747	0.000182788076	0.00687353953	0.637925013	0.0115227638	66
0.0775239124	0.576336239	0.000176709186	0.00511860507	0.670987545	0.00978796702	76
0.0826606558	0.584691817	0.000159305778	0.00497087463	0.698771126	0.00835914818	82
0.0876724328	0.601134729	0.000156365666	0.00518113442	0.706469623	0.00776623451	80
0.0925281339	0.624225557	0.000154338016	0.00349264001	0.725235303	0.00630025482	89
0.0974983638	0.632469389	0.000147209212	0.00407907395	0.739020247	0.00599011393	95
0.101773168	0.63881955	0.000165818763	0.00403612763	0.756771622	0.00434440129	55
0.106000864	0.66683289	0.000330039477	0.0102895006	0.779991902	0.0148965055	5
