Im(l')		r(l)		s(Im(l'))	s(r(l))		q(l)		s(q(l))		Count
0.00178617505	0.00502653045	0.00031158879	0.00106016683	0.428789794	0.00899451996	22
0.00755682259	0.0079202077	0.00057961273	0.00339930022	0.487965316	0.0165539547	6
0.0119748609	0.00810217132	0.000738328711	0.00223349217	0.394458702	0.0273244252	5
0.016545332	0.0240508831	0.000578157351	0.0201637384	0.46281488	0.0832861471	3

0.0283819955	0.0512453538	0.000429602857	0.0139138285	0.429041087	0.0607334737	5
0.0333026396	0.0639355423	0.000436883149	0.00594419395	0.577057176	0.0501995712	7
0.0373562761	0.0713864975	0.000596101362	0.0049031602	0.532901703	0.0425044323	8
0.0426422136	0.0822914043	0.00040922655	0.0100668567	0.565775212	0.0257660547	13
0.0474993079	0.127071978	0.000328744274	0.0143656612	0.538563484	0.0271690783	18
0.0524111006	0.217007149	0.000251078101	0.0161133924	0.556505485	0.0174912524	29
0.0577354075	0.263347982	0.000247629059	0.0158397456	0.555754219	0.0182641279	35
0.0626033331	0.311642507	0.000248073417	0.0111039676	0.578358996	0.0132546693	34
0.0675966522	0.341265374	0.000227919631	0.0132700974	0.583087312	0.0142657112	46
0.0725198897	0.383594579	0.000206931908	0.0107722208	0.587733088	0.0139539068	49
0.0774900124	0.418608546	0.000195807496	0.00998229528	0.612338485	0.0145290876	57
0.0825149384	0.471549357	0.000183876561	0.00708439653	0.637548117	0.010647719	60
0.0874634129	0.480798169	0.00017980748	0.00916972433	0.64259237	0.0123780524	64
0.0924840183	0.522030276	0.000178195761	0.00617681145	0.679634386	0.00933514982	67
0.0974240565	0.547188875	0.000162426367	0.00594392947	0.695017518	0.00692203791	76
0.102472007	0.560489081	0.000166168227	0.00638924536	0.70629171	0.0100405182	83
0.107509403	0.598045116	0.000154830541	0.00593852799	0.726265217	0.00900376269	86
0.112383299	0.608054458	0.00014783718	0.0044013857	0.744346008	0.00633154919	93
0.117498315	0.635406183	0.000144993172	0.0035276438	0.772266642	0.0046440348	99
0.122435442	0.649922965	0.00013699116	0.00364346988	0.778502021	0.00422430541	106
0.127477383	0.667640496	0.000137449167	0.00276797569	0.79344959	0.00376813958	115
0.132568852	0.678894944	0.000130643792	0.00278718929	0.8035476	0.00312707333	121
0.137567461	0.691757249	0.000129796237	0.00263771224	0.81594625	0.00275191939	126
0.141360685	0.697069601	0.000133380263	0.00397502359	0.813067543	0.00541401007	53
