Im(l')		r(l)		s(Im(l'))	s(r(l))		q(l)		s(q(l))		Count
0.00113026913	0.00340037725	0.000307234629	0.000501049504	0.439118475	0.0119203488	16
0.00752769872	0.00459472471	0.000536393978	0.00231956584	0.459279038	0.0175466524	4
0.0122582191	0.00212502701	0.0007341363	0.000143935855	0.436439193	0.050783004	2

0.0229422869	0.0201501727	inf		inf		0.666328267	inf		1
0.0257867825	0.00453476832	inf		inf		0.377629753	inf		1

0.0374462488	0.0298901357	0.0012446464	0.00119066025	0.568811212	0.170481919	2
0.0406003806	0.0076085935	inf		inf		0.617178724	inf		1
0.0472391538	0.0185862635	0.000747119718	0.00589682703	0.64528992	0.0559934344	3
0.0524083149	0.0344964223	0.000452900942	0.00836146245	0.65950213	0.023080494	5
0.0570443167	0.0402732724	0.000595062084	0.0030031427	0.647600518	0.0266219068	4
0.0632849949	0.0693625453	0.000459794032	0.01142439	0.63927133	0.0204510286	11
0.0680437063	0.0986498477	0.000367845973	0.0149494114	0.666161924	0.0121410631	9
0.0720905729	0.0812405369	0.000311524356	0.00713705833	0.59558938	0.0176301902	18
0.0774753872	0.131139513	0.000236971675	0.00894025191	0.601769092	0.0112577933	30
0.082516095	0.176747667	0.000261975342	0.0142797292	0.627821974	0.0101684096	34
0.0876361776	0.223862833	0.000245923927	0.0141504978	0.604072661	0.0111668099	36
0.0925312354	0.286380863	0.000225575955	0.0110895361	0.613452356	0.00961283881	45
0.0978044804	0.345879401	0.000191127923	0.0104236876	0.627886225	0.00984301883	54
0.102569975	0.386805227	0.000175080315	0.00955647208	0.621262673	0.00986988613	62
0.107485965	0.43941199	0.000179053378	0.00861754408	0.668127763	0.00874653679	69
0.112538793	0.496899947	0.000171665572	0.00736104936	0.700135624	0.00801936851	76
0.117517326	0.524583792	0.000161906273	0.00642181284	0.713069406	0.0080917658	79
0.122661874	0.55481583	0.000147809916	0.00497963231	0.724786986	0.00717583188	91
0.127567488	0.582088074	0.000152091129	0.00458702027	0.748257102	0.00531202804	96
0.132563538	0.604202898	0.000143797941	0.00484478589	0.764772431	0.00585009404	97
0.137533233	0.621409862	0.000142807352	0.00380038041	0.775765581	0.00392725413	110
0.142588937	0.635882847	0.000135970762	0.00405663586	0.786042033	0.00374202527	117
0.147597365	0.665935903	0.00012806152	0.00258392622	0.808293557	0.00249698792	122
0.152489065	0.675779669	0.000124233661	0.0026872592	0.811283857	0.00259463811	126
0.157477417	0.687242959	0.000124047164	0.00251837859	0.821573792	0.0023463215	140
0.162520365	0.700745345	0.000120319603	0.00245317938	0.831217794	0.00209172432	145
0.167031827	0.712863641	0.000116096478	0.00276473052	0.838503369	0.00239444532	119
0.170639621	0.701560375	0.000145631407	0.00823254117	0.832786645	0.00865928026	7
